   2.0000000e+00   1.4365194e-01   7.5593261e-01  -8.6057018e-01   5.7907296e-01  -2.5933605e+00   2.3772099e-01  -1.0250293e+00  -1.9323660e-01  -1.1547603e-01  -1.2392089e+00
   2.0000000e+00  -1.0405344e-01   2.0073393e+00   1.0726635e+00  -9.1410000e-01  -5.4941831e-01  -1.5110650e+00  -5.3148021e-01   1.9334872e+00  -3.5624727e-01  -7.8891659e-01
   2.0000000e+00   1.9533719e-01  -2.9161573e-02  -3.2607230e-01  -2.1124404e+00  -1.4104700e+00   1.8369278e+00   9.7679836e-01  -7.3482695e-01   1.7235683e+00   4.4939729e-01
   2.0000000e+00  -1.3847780e-01  -1.1242384e+00  -9.4518817e-01  -1.9609417e-02  -9.3777019e-02   2.8758348e-01   1.0576842e+00  -2.1781553e-01  -1.4034560e+00   1.5497282e+00
   1.0000000e+00  -5.9007643e-01  -6.4248569e-01  -5.5575357e-01  -6.0024625e-01   1.8679263e+00   1.7292777e+00   1.2282122e-01   3.3999921e-01   8.5581149e-02  -1.9843056e-01
   2.0000000e+00   8.5540289e-01  -1.0022215e-01   4.9908073e-01  -1.0258763e+00   7.7554272e-01   1.2319529e+00   5.1422451e-01   1.5168319e+00   5.2710636e-01  -7.0861051e-01
   2.0000000e+00   7.0756585e-01   1.4246906e+00   4.2315790e-01  -6.5223155e-01  -6.6394176e-01  -4.3897636e-01  -6.7947506e-01   7.7144876e-01  -4.7193162e-01  -6.6467592e-01
   2.0000000e+00  -1.7202975e+00   2.0060266e-01  -7.1635802e-01  -9.6892540e-01  -3.3068380e-01   7.9084097e-02   3.3950860e-01   1.2317709e-01   6.6927251e-01  -1.9485096e-01
   2.0000000e+00   4.3498637e-01   1.1433911e+00   1.5627354e+00  -2.2144678e-01  -1.5892865e+00   4.8113751e-01   4.5842034e-01   7.8823255e-01   1.5802702e+00  -1.2026695e+00
   2.0000000e+00  -5.8013538e-01  -1.3044839e+00   6.0751771e-01  -2.5030636e-01   1.4313738e+00  -1.6412387e+00   5.5664221e-01   1.5632846e+00  -1.0537618e+00   7.9414301e-01
   2.0000000e+00  -8.8832651e-01  -6.1191518e-01  -8.6599526e-01  -1.4679204e-01   1.2193588e+00  -1.1216188e+00  -9.3090750e-01  -8.7583370e-01  -3.0783272e+00   1.2507822e+00
   2.0000000e+00  -1.1533324e-01  -2.1504238e-01   1.0918896e+00   7.2606655e-01  -1.8404674e-01  -2.1686409e+00   1.2476241e-01  -1.2451932e+00   1.5287515e+00  -1.1397156e+00
   2.0000000e+00  -2.1070300e-01  -5.3946612e-01  -4.4483725e-01   6.5619572e-01   4.0766820e-01  -1.0043849e+00  -8.5878121e-01   1.2806137e+00  -4.3586033e-01   1.4924128e+00
   2.0000000e+00  -9.3065845e-01   1.6479242e-01   7.7117676e-01   2.9961962e-01   7.0886951e-01   5.5561307e-01  -1.0191192e+00   1.6845837e-01  -1.6274356e+00   2.0966509e+00
   2.0000000e+00  -5.9314637e-01  -1.9284558e+00   9.4675165e-01  -1.4209608e+00   6.9074187e-01   5.4936291e-01  -6.2729157e-01   1.3717526e+00   1.7698428e+00   3.1877922e-01
   1.0000000e+00  -5.1327929e-01   3.3758632e-01  -8.5827854e-01  -6.6866491e-01  -1.2138781e+00   3.4773303e-01  -5.8599663e-01   1.3474502e+00   7.1408009e-01  -4.0215136e-01
   1.0000000e+00  -5.1243521e-01   9.9938498e-02  -1.1071579e+00  -2.4178986e-01  -8.8160073e-01  -3.0661729e-01  -5.5030703e-01  -2.9645437e-01   4.6441119e-01  -8.8076740e-01
   2.0000000e+00  -1.1170773e+00   1.4463355e+00  -8.6697493e-01   1.7257920e+00  -3.1336231e-01  -4.4910424e-01  -6.9208005e-01  -5.0288251e-02  -9.8186591e-01  -7.6236025e-01
   2.0000000e+00   1.8148761e+00  -3.1465527e-01  -9.5697614e-01  -2.7691331e-01  -2.8370690e-01  -6.5228318e-02  -1.1107425e+00   8.4910035e-01  -1.1276062e+00  -5.2458616e-01
   2.0000000e+00   1.1546057e+00  -2.2456169e-01   1.0044659e+00  -6.7822387e-01  -3.3856752e-01   2.5064765e-01  -6.1030864e-01   1.7394362e+00   2.1113521e+00   1.9461708e-01
   2.0000000e+00  -1.6634357e+00  -1.0116704e+00  -6.7342145e-01   7.0425169e-01  -1.7669413e+00   8.1621593e-02   6.3073013e-01   1.1479458e+00   2.3403318e+00   1.0343481e+00
   2.0000000e+00   4.1723623e-01  -1.3737114e-01  -1.3084852e+00   2.6468982e-01  -1.6253086e-01   8.3395089e-01  -1.8842489e-01  -6.0141260e-01  -1.7034043e+00   1.1666168e-01
   1.0000000e+00   5.9669460e-01   1.2489679e+00  -3.6524168e-01  -4.3239337e-01   1.2142672e+00   4.0075240e-01   8.0195719e-01  -9.5506919e-01   3.2069793e-01  -1.3320963e+00
   2.0000000e+00  -1.1843375e+00  -1.2013572e+00   1.3679009e-01   9.1839867e-01   1.1214927e+00   1.0046654e+00  -2.3929265e-01  -3.2368780e-01  -1.5138841e+00   7.5206103e-01
   2.0000000e+00  -3.6508181e-01  -3.3262553e-01  -2.8146006e-01  -2.1556299e-01  -5.5137912e-01   1.0836423e+00   5.5324212e-01  -4.1625904e-01  -1.5463685e+00   1.2069685e+00
   1.0000000e+00   7.7575728e-01  -1.1735014e-02  -9.0659312e-01   1.4923430e+00   1.1219808e+00  -4.9600951e-01  -1.8470011e+00   1.4055948e+00   3.1016090e-01   1.1006243e+00
   2.0000000e+00  -1.0738293e+00  -1.3752058e+00   5.0080731e-01   3.0365285e-01   1.4646672e+00   3.2930540e+00  -5.0824445e-01  -1.8759655e+00   8.3984767e-01   7.4781608e-01
   2.0000000e+00   4.2100063e-01   7.0463015e-01  -1.3945452e+00  -5.0811100e-01  -4.6447699e-01  -2.0659304e+00   4.0223235e-01   1.5470506e-01   8.2520460e-01  -1.6179987e-01
   1.0000000e+00   6.5634954e-01   4.0890050e-02  -5.3193916e-01   6.1402263e-01   8.1068050e-01  -5.9727021e-01  -1.2705560e-01   1.5867292e+00   5.5391589e-01  -9.0580312e-01
   1.0000000e+00  -4.2639454e-01  -2.6370455e+00   1.0568617e+00  -7.9273099e-01   6.6758193e-01  -9.6152858e-01  -2.0485073e+00  -4.5584847e-01   2.8402024e-01   8.2938407e-01
   2.0000000e+00   1.1774381e+00  -1.5671986e+00   3.0795185e-01  -1.0583889e+00  -3.3091083e-01  -2.5379030e-01   4.8550615e-01  -1.3917756e+00   1.3650958e+00  -5.1781874e-01
   2.0000000e+00  -2.0620958e+00  -9.8601934e-01   8.3602300e-01   7.5257491e-01   5.6194640e-01  -1.0092228e+00  -2.0309485e-01   1.2296876e+00  -3.5389712e-01  -2.1137832e-01
   2.0000000e+00   1.1464427e+00   2.3389890e-01  -1.0597679e+00  -9.2830740e-01  -8.1636927e-01  -7.9108816e-01   1.2554044e-01  -4.6270594e-01   1.3762434e-01   6.3901085e-01
   2.0000000e+00  -1.0868598e-01  -1.2832672e+00   1.2975806e+00  -1.4295756e+00  -9.1515829e-01   1.5941887e+00   2.7003726e-01  -1.8225588e-01   9.0912210e-01   5.4216054e-01
   2.0000000e+00  -1.9216254e+00  -5.0002383e-01  -1.5026400e+00  -4.1517997e-01   9.7437174e-02   2.1427927e-01   1.6885229e+00   1.0625763e-01  -4.5624013e-01  -4.4837782e-01
   2.0000000e+00  -1.0967960e+00  -1.6454517e-01   9.4733862e-01  -2.4984583e-01   1.4169498e+00  -2.5894348e-01  -1.2333369e+00   9.5315321e-01  -4.9890565e-01   1.4458097e+00
   1.0000000e+00   2.8050248e-01  -1.5088070e+00   4.7271014e-01   1.8352276e+00   2.0776631e+00   6.0324797e-01  -1.1820607e+00   1.3209829e+00   6.4535025e-01  -8.9449696e-01
   1.0000000e+00   4.4563295e-01   1.0491703e+00  -1.5370285e+00   1.9823805e-01   1.9318442e+00   1.3234189e+00  -1.7285817e-01  -5.9636439e-01   3.0540626e-01   1.9685523e-01
   2.0000000e+00   6.6913119e-02   1.0678203e+00   7.3262175e-01   6.0789742e-01  -4.5508949e-01   2.3721555e-01  -1.1311841e-02  -2.3520567e+00   4.7578153e-01  -4.3547157e-01
   1.0000000e+00  -1.2770162e-01   1.6117847e+00  -5.7874307e-02  -9.5224109e-01  -5.9246092e-01   3.6468167e-01  -4.3106356e-02  -5.7686095e-01   4.0531710e-01   4.6006739e-01
   2.0000000e+00   1.9966158e+00  -8.6377077e-01  -1.6854706e+00  -1.2952656e+00  -7.6091102e-01   1.0755075e-01   8.2835591e-01   1.2657503e+00   1.7601076e+00   2.5363493e-01
   2.0000000e+00   1.0440629e+00   5.9610318e-02  -1.2488885e+00   9.3105720e-01   5.3871361e-01   5.4135398e-01   4.1542158e-01   1.0839597e+00  -5.4637236e-01  -2.4688826e-01
   2.0000000e+00   6.7390724e-02   1.2403510e+00  -1.3526516e+00  -6.1159553e-01  -3.0665045e-01   1.9076327e-01  -6.4042846e-01   2.3209754e-01   1.5436753e+00  -4.9842132e-01
   1.0000000e+00  -8.4580673e-01  -1.8405922e+00  -9.1330034e-01   6.3397318e-02  -6.1293072e-02   5.8958242e-01   5.1093364e-02  -3.3373374e-01   2.5033568e-01   5.7800683e-02
   2.0000000e+00   3.8974161e-01   6.2928034e-01   3.8013770e-01  -2.4241400e-01  -1.1691907e+00   1.2584903e+00   1.5290171e+00  -1.0667728e+00  -7.7933745e-02  -1.0109250e+00
   2.0000000e+00   1.5431072e-01   4.2832567e-01   4.1322531e-01  -8.3917236e-01   1.0443412e+00   6.2477220e-01  -1.7483471e+00   2.6460604e+00   4.8527753e-01   1.6269716e+00
   2.0000000e+00   1.1872300e+00   4.6832963e-01  -7.4290841e-01   1.2422914e+00  -2.4486207e-01   4.1032317e-01  -4.6034023e-01  -6.8260596e-01  -1.1322517e+00  -1.9989862e-01
   2.0000000e+00  -7.2954435e-01   2.3159942e+00  -1.1779552e+00   7.1651128e-02  -3.7436512e-01  -4.7907522e-01  -8.9164479e-01  -3.1561713e+00   2.0992150e-01   3.4774061e-01
   2.0000000e+00  -1.4118008e+00  -1.2884039e-01   1.6443182e+00   1.9146554e+00  -5.0704685e-01   1.3220557e-01   7.2122618e-01   6.1822881e-01   1.1786575e+00   5.5295768e-01
   2.0000000e+00  -8.3580786e-01   1.0762523e+00  -6.6965559e-01  -4.8735548e-02  -8.3442752e-02   6.9501286e-01  -4.3801554e-01   6.1310802e-01   4.8436940e-01  -1.4514901e+00
   2.0000000e+00   5.5820161e-01   5.2586544e-01  -1.6951350e+00   3.8357430e-01   1.9915438e+00  -3.8364646e-01  -2.3221709e+00   1.6638829e-01  -1.2298489e+00  -1.0520611e+00
   2.0000000e+00  -7.8658059e-01  -1.1224975e+00   7.1422979e-01  -1.5574572e+00  -1.5984097e-01   3.8237389e-02  -5.1717989e-01   2.5717849e+00   1.4247643e+00  -9.5542354e-01
   2.0000000e+00  -1.7830596e+00  -2.0174529e+00   8.2967977e-01  -2.0647519e+00  -3.7111012e-01  -1.9678817e-02   4.2763863e-01   6.9370937e-01  -7.6670538e-01   1.6809819e+00
   2.0000000e+00   2.4890812e+00   1.7133811e-01   1.0149680e+00   1.4716201e+00  -5.3184749e-01  -6.9520816e-01   1.9921016e-02   7.2367118e-01   7.4892175e-01   8.0745211e-01
   2.0000000e+00   5.2916415e-01   6.7065094e-01   5.8532661e-01   1.2240977e+00   4.5070134e-01   1.9690604e-02   9.1184701e-01   1.2825577e+00   7.9255572e-01  -1.7246991e-01
   2.0000000e+00  -3.8448382e-01  -1.3599719e-01   1.9422271e-01  -7.4492060e-01  -1.0942222e+00   8.6024521e-01   5.6915593e-01   7.8690684e-01  -1.2491285e+00   8.6647551e-02
   2.0000000e+00   1.9485434e+00  -2.8737279e-01  -3.0777082e-01  -1.0083487e+00   4.9984928e-01  -3.2077088e-01  -2.1353736e+00   1.3926891e+00   4.8084648e-01   2.8785771e-01
   2.0000000e+00   8.1116904e-01  -1.9101478e+00   2.5902770e+00  -5.5028922e-01   1.8676030e+00   3.2842976e-02   3.2925499e-01   4.2500016e-02  -5.8452630e-01  -1.2895956e+00
   2.0000000e+00   1.7594472e+00   7.2337436e-01   6.5206921e-01   8.1753181e-02   2.8226673e-01   1.2918259e+00  -6.2252202e-01   8.4519630e-01   3.8767390e+00  -1.9926747e-01
   2.0000000e+00   1.5080108e+00   9.4564464e-01   1.6768506e-02   1.5404234e+00  -6.3068310e-01  -4.8187007e-01  -5.2531268e-01  -1.8245523e+00   1.3553678e+00   8.1930417e-01
   2.0000000e+00  -1.3366372e+00  -6.8261762e-01  -1.8858004e-01   1.9809310e+00  -9.5680978e-01  -3.4275628e-01  -6.2019131e-01  -9.5807310e-01  -3.2284211e+00  -4.8603208e-01
   2.0000000e+00   1.4580129e+00  -8.9553293e-01   9.7588546e-02  -1.1581666e+00  -1.3137859e+00  -1.1217608e+00  -2.9704928e-01   1.7877657e-01   1.5397123e+00  -7.5789907e-02
   2.0000000e+00   6.1979943e-01  -9.5518638e-01  -4.5655992e-02  -6.6329155e-01   2.9551469e-01  -2.1831653e+00   6.2378603e-01  -8.2489294e-01  -2.3784590e-01   7.0165081e-01
   2.0000000e+00  -1.4933647e+00  -5.5718522e-01  -1.1319116e+00  -1.5261921e-01   9.7573248e-01   5.7377151e-01   2.6950055e-01  -2.3627294e-01  -1.1045366e+00  -7.4898506e-01
   2.0000000e+00  -6.1163715e-01   1.7202736e-01  -1.2605984e+00  -1.4243567e+00  -6.3460792e-01   1.6597171e+00  -1.2731456e+00   1.8054153e-01   7.1529079e-01  -7.3920541e-01
   2.0000000e+00   7.6078572e-01   1.8984728e+00   9.9527711e-01  -1.3686581e+00  -3.9588730e-01  -2.3895374e-01  -1.4450533e+00   8.2820776e-01   1.3990908e+00  -1.1944258e+00
   2.0000000e+00   8.1806494e-01   3.4658656e-01  -2.9740113e+00  -1.1423027e+00   5.9759260e-02  -1.2616513e+00   1.4460520e-01   1.0579212e+00   4.8092145e-01   2.0072246e+00
   2.0000000e+00  -7.3760585e-01   1.1956991e+00  -3.4932941e-01  -1.4266089e-01   5.9083915e-01  -5.3394712e-01   6.8339055e-01   1.0202918e+00  -1.2336943e+00   5.0219510e-01
   2.0000000e+00   1.2371012e+00  -3.5474867e-01   8.1662538e-01  -9.9667733e-01   1.3023058e+00  -1.3202665e+00   9.6220861e-01   8.8520980e-01  -2.5362499e-01   1.6880016e-01
   2.0000000e+00  -3.5008121e-01  -5.0125014e-01  -1.7428388e-02  -1.2516021e+00  -7.6497323e-01   4.7723413e-01  -2.1232902e+00   3.2833127e-01   1.8639647e+00   2.3609464e-01
   2.0000000e+00  -9.9998469e-01   1.1716893e+00  -4.7393107e-01  -1.2118412e+00  -6.0050125e-01   3.2373393e-01   1.0389068e-01   3.5773320e-02   5.9764805e-01  -1.1410321e+00
   1.0000000e+00   5.8622666e-01   6.4088192e-01   1.8363323e+00  -3.8986334e-01  -2.2569835e-01   1.2342365e+00  -1.1792100e+00   1.5589789e+00   2.1500565e-01  -2.2641457e-01
   2.0000000e+00   6.9948369e-01   1.3728645e+00  -7.9585501e-01  -7.7327053e-02   5.9482054e-01   3.5557925e-01  -2.3714479e+00  -5.6206402e-01  -1.5569959e+00   7.7569581e-01
   2.0000000e+00   5.8344344e-01   1.0146268e+00   1.5199240e+00   1.0910819e-01   1.0520225e+00   2.4581512e-01   1.1479561e+00  -1.7799532e+00   7.6738478e-01  -1.4053917e+00
   2.0000000e+00   9.8808576e-01  -6.3933353e-01  -7.7711842e-01  -4.4213620e-01   3.8066627e-01   1.0206470e+00   1.9376693e-01   6.0654795e-01  -2.9148006e-01   7.0734521e-01
   2.0000000e+00  -7.3910299e-01   1.4862601e+00  -1.4681947e+00  -8.2155467e-01   1.4957668e+00   1.6506154e+00   1.4004283e+00   7.3739892e-01   1.5052316e+00   4.5429878e-02
   2.0000000e+00   6.5564902e-01   6.5414143e-02   1.3732608e+00   2.0325522e+00   1.1968006e+00  -1.3815174e+00   9.7882609e-01  -4.5966387e-01  -6.7551693e-01  -3.6565555e-01
   2.0000000e+00  -6.2070377e-01   2.2720836e-01   4.1764643e-01  -7.7415055e-01   3.9551604e-02   2.1756246e+00  -8.7699708e-01   4.0801174e-02  -1.2726495e+00  -2.1709654e-01
   2.0000000e+00   2.8753359e-01  -3.0567879e-01   2.2936887e-01  -2.1116165e+00   2.7912232e-01  -8.1532247e-01  -4.9127987e-01  -1.0673065e+00  -1.6892805e+00  -1.3858773e+00
   1.0000000e+00  -3.7168835e-01   2.1116669e+00  -7.0746037e-01   2.8071667e-01  -6.6188541e-01  -1.4403759e+00   1.1885677e+00   2.2961049e-01   7.4786911e-01  -1.3123999e+00
   2.0000000e+00  -5.1467747e-02   4.8940552e-01  -7.6698039e-01  -1.9200637e-01  -2.3092433e+00   1.3269352e+00  -1.0182724e-01   7.3729052e-02  -1.4690798e+00   2.5444823e+00
   2.0000000e+00  -7.7118176e-02   8.7047518e-02   2.0967181e-01  -1.1263047e-02   4.8849350e-01   1.2542365e+00   1.3157313e+00  -1.4133435e-01  -7.5130977e-01   1.1079642e-01
   2.0000000e+00  -9.5741487e-01   1.5480412e+00   6.4962924e-02  -3.9030917e-01  -1.0768304e+00   2.1219472e-01  -2.9112319e-01   5.6241227e-01  -2.4564854e-02   5.4603889e-01
   2.0000000e+00  -2.3337508e+00   2.6940314e+00  -9.0944416e-01  -1.5929854e-01   4.1510641e-01   2.6777543e-01  -3.2410561e-01  -7.0625759e-01  -1.7299670e+00  -1.1332285e-01
   2.0000000e+00  -1.5696588e+00   1.8243436e+00  -1.5999604e+00  -2.2520168e+00   3.7003913e-01   2.3380910e+00   4.6407297e-01   1.6895932e+00   1.6045167e+00  -2.1188564e-01
   2.0000000e+00  -1.4363231e+00   5.0395640e-01   8.9524053e-01  -8.1990325e-01  -7.6538384e-01   7.3382461e-01   5.7810130e-01  -5.6702929e-01  -6.0206331e-02   9.8542503e-01
   2.0000000e+00   1.7119629e+00   3.1321912e-01   1.0837112e+00  -6.7099286e-01  -1.1471333e+00  -1.5243028e+00  -5.3592775e-01  -5.2813051e-01  -6.9735560e-01  -4.4684424e-01
   2.0000000e+00  -4.6979803e-01  -6.3333601e-01  -5.9849112e-01   9.7868521e-02  -9.4002527e-01  -1.8737080e+00  -3.7987841e-01   1.3441218e+00  -6.2034068e-01   1.0240003e-01
   1.0000000e+00   9.5013486e-02   5.6459237e-01  -3.3957403e+00   1.0524260e-01  -1.8506474e+00  -1.8838747e+00   3.2550027e-01  -9.2435420e-01   6.1450247e-01   1.9938388e-01
   1.0000000e+00  -3.1359161e-01   1.5941208e+00   1.2871007e+00  -2.4108749e-01  -5.7258188e-01   2.9559733e-01   1.4209614e+00  -8.7229855e-01   4.4371937e-01   4.4763629e-01
   2.0000000e+00  -2.0523630e+00   4.6289719e-01  -2.3773315e-01   1.8243282e+00  -1.0288020e+00   1.4493271e+00   6.5798665e-01  -9.3565107e-01   8.0998874e-01  -6.7647523e-01
   2.0000000e+00  -7.3167010e-01  -3.7983519e-01   4.6124354e-01  -2.0679640e-01   1.9979602e+00   3.2036086e-01  -1.8975799e-01   1.4516982e-01  -1.8321733e+00   1.1361830e+00
   2.0000000e+00  -2.2155761e-02  -2.8952361e-01   1.0302111e+00  -6.3329779e-01  -1.1889778e-01  -5.3149225e-01  -3.5234787e-01  -9.9646878e-01  -1.3293419e+00  -9.3407627e-01
   2.0000000e+00  -6.2858904e-02  -3.2667878e-01  -7.1749079e-01  -2.9216199e+00  -1.9658810e+00   4.4742033e-01   1.6669003e+00   2.0452115e-01   1.2642837e+00   1.1493461e+00
   2.0000000e+00  -9.3798342e-01  -3.9653304e-01   9.2445541e-01  -2.2991200e+00   6.2461190e-01   6.9217678e-01  -1.2507658e+00   6.3543531e-01  -2.1383734e-01  -6.7312327e-01
   2.0000000e+00  -1.1361094e+00   1.8649809e-01   4.4424134e-02   2.9835317e-01  -1.3651010e+00  -4.4134131e-01   1.3265435e+00  -1.5382411e+00  -7.6781469e-01   1.1886735e+00
   2.0000000e+00  -1.3130631e+00   7.4459618e-01   1.3438148e+00   8.9503811e-01  -9.3432914e-01   7.7971576e-01  -3.8433509e-01  -1.0471421e-01  -2.8027182e-01   4.7462520e-01
   2.0000000e+00  -1.3865906e+00   1.2822003e+00   1.5678670e+00   3.9105940e-01   2.8181334e-01  -2.4959044e-01   1.6088022e+00  -1.0245289e+00  -8.5008938e-02  -2.2874641e-01
   2.0000000e+00   2.6486236e-01   1.6891245e+00  -1.7188429e+00   1.0604234e+00   5.6782402e-01   1.0418652e+00   4.8889913e-01  -1.3090978e+00  -1.6964944e+00   7.5618537e-01
   2.0000000e+00  -8.2069406e-01  -7.8884935e-02  -1.9957346e-01   6.0952141e-02  -2.7944590e+00   7.2178729e-01   3.7739149e-01  -3.9609879e-02   1.3305795e+00  -2.1257896e+00
   1.0000000e+00   2.2477477e-01   6.4195422e-01   1.0501893e+00   1.8151507e+00  -9.4953833e-01   2.2313587e-01   4.5147852e-01  -2.0143437e-01   2.9089595e-01  -1.6378743e+00
   2.0000000e+00   2.1042635e+00  -3.7558654e-01  -8.3844362e-01   1.2695141e+00   5.4697203e-01   2.1339937e+00   1.7774407e+00   2.1170243e+00  -3.1148403e-01   1.5258453e+00
   2.0000000e+00   9.2917368e-01   1.0939301e+00  -5.3698762e-01  -1.6848296e+00  -1.5576791e+00   2.4554146e-01  -2.8472554e-02   5.4676536e-01   3.3112741e-01  -8.9475390e-01
   2.0000000e+00  -7.6048641e-01   2.9766398e-01  -5.9111833e-01  -8.2776862e-01   1.8226673e+00  -3.4995694e-03   3.0337594e-01  -9.9088794e-01   5.3362603e-01   1.7165795e-02
   2.0000000e+00   8.7271941e-01  -2.0300789e-01  -1.3714939e+00   2.7549009e-01  -1.2974456e+00   5.4997824e-01  -8.3908899e-01  -2.2056596e-01  -6.1751707e-01  -3.3990646e-01
   2.0000000e+00  -1.0394528e+00   8.7998248e-02  -1.4978412e+00  -9.5359150e-01  -2.9768153e-01  -3.0340889e-02   1.5802823e+00   4.8669506e-01  -2.7341193e+00   2.1268075e+00
   2.0000000e+00  -6.0147470e-01   1.5991530e+00  -4.3267677e-01  -6.9556786e-01   1.2180433e-01   2.2530497e-01   3.5496924e-01  -2.3187699e-01   1.3467826e+00  -3.3303001e-01
   2.0000000e+00  -4.3906202e-01   6.6466216e-01   1.2568877e+00   4.3623741e-01  -6.5891600e-01   8.7566883e-01  -2.8944272e+00  -1.5059379e-01  -4.2048726e-02  -1.5467481e+00
   2.0000000e+00  -3.5359721e-02  -7.7503381e-01  -3.5648597e-01   1.8179059e-01   3.5870067e-01  -4.8955773e-01  -1.1791398e+00   1.3631751e+00  -1.3669080e+00   1.6094464e+00
   1.0000000e+00  -8.2211440e-02  -1.2400310e-01  -9.4802484e-02   8.5061563e-01   1.0332813e+00  -1.6373366e+00   1.1702033e+00  -8.3043859e-01   2.6668383e-01   8.8028022e-01
   1.0000000e+00   1.3487886e-01  -9.0532225e-02  -7.8917460e-01  -1.8873777e+00   1.3132062e-01   5.4413654e-02  -1.2853950e-01   5.6100399e-02   1.6931814e-01   6.0606360e-01
   2.0000000e+00   1.2370571e-01  -1.3120406e+00  -1.0951441e+00  -2.7789951e-01  -1.6418352e-02  -1.8212567e+00   4.9664385e-01   1.4014997e+00  -1.1909850e-01  -7.1642508e-01
   2.0000000e+00  -1.2954425e+00   1.3400744e-01  -4.4379723e-02  -7.9658915e-01  -5.0629394e-01  -1.1870867e+00  -1.1823206e+00   3.0022318e-01   2.0388072e+00   4.5052764e-01
   2.0000000e+00  -4.1262153e-01  -1.0203072e+00  -1.9377681e+00   5.9868113e-01   1.1623748e+00  -7.6289060e-01   8.9700653e-01   1.0899010e+00  -2.1405355e+00   6.6026677e-01
   2.0000000e+00   1.7387732e-01   1.1373238e+00   1.7201444e+00  -5.3197970e-01  -3.1256755e-01   4.0436566e-01   3.0755428e-01   1.4280132e-01  -4.2051008e-01   6.0494308e-01
   2.0000000e+00   8.5088410e-01   7.7964163e-03  -1.2619962e-01   5.2636609e-01   2.1682587e+00  -9.5846030e-01  -7.8613305e-01   6.4892083e-01   8.2019326e-01   3.4406407e-02
   2.0000000e+00  -9.1868458e-01  -3.1089550e-02  -1.0575647e+00   1.9159416e-01  -1.1663966e+00  -4.7810858e-01   6.3810940e-01  -1.6027476e+00   6.2929388e-01   4.5532092e-01
   1.0000000e+00  -4.4151296e-01  -4.1174548e-01   2.6869052e-01   2.6606617e+00  -1.7654112e+00   3.4760428e-01   7.9183225e-01  -1.4099085e+00   2.4477500e-01  -1.2490126e+00
   2.0000000e+00   1.3447187e+00   5.7383355e-01  -1.9366887e+00  -5.2857270e-01   1.5509081e+00  -6.7106273e-01  -1.4933813e+00  -1.1418230e+00  -1.0629279e+00   1.4613691e-01
   2.0000000e+00   1.7247608e+00   1.1927783e+00  -2.3892953e-01   7.1375737e-01   8.2094408e-01   8.9650898e-01  -1.2999541e+00   3.2676379e-01  -2.2790204e+00  -9.6110108e-01
   2.0000000e+00   1.5572976e+00  -3.0600880e-01   7.8290994e-01  -3.7723381e-01  -1.0690326e+00   1.8031204e-01   5.9954083e-01   1.9588025e+00   2.3459090e-01  -7.4613498e-01
   2.0000000e+00  -1.0424556e+00   6.7643655e-03   1.5632654e+00   9.9869487e-01  -8.1043522e-01  -1.5311518e+00  -1.2352095e+00  -9.4849584e-01  -7.5971456e-01   3.0184431e-01
   1.0000000e+00   2.5355542e-01  -7.6421876e-01  -7.5931828e-02   2.5913970e+00   1.6108115e+00  -1.0058767e+00   8.6664134e-01   1.2190305e+00   1.9369332e-01  -2.0644300e-01
   2.0000000e+00  -3.8661162e-01   8.1959799e-01   1.2352084e+00   5.4932784e-02   2.1516486e+00  -1.1845261e+00   3.2681421e-01   2.8358314e-01  -7.8265432e-01  -1.6661927e+00
   2.0000000e+00   1.0556589e+00  -5.2063545e-01   1.1949971e+00   5.7564471e-01  -1.3946710e+00  -1.9639487e+00  -1.1806906e+00   1.3356841e+00  -1.0855547e+00   9.5009056e-01
   2.0000000e+00  -6.3395888e-01  -4.2639527e-01   3.5278227e-01   1.1058829e+00  -6.7220566e-01  -1.3590578e-01   1.8644548e-01   1.8449784e+00  -3.0323688e-01  -4.3554095e-01
   2.0000000e+00   2.1468741e-01   7.0300393e-01   2.9986525e-01   1.5745732e+00   9.2093337e-01   9.1288709e-02   4.5806051e-01   1.2618634e+00  -1.4892640e+00   9.2817548e-01
   2.0000000e+00  -2.8386184e-01  -4.3294957e-01  -6.6194856e-01   3.7977335e-01   1.2641198e+00   3.4012128e-01   1.2094770e+00   1.0009857e+00  -2.8320198e-01  -1.3802639e+00
   2.0000000e+00   9.0803551e-02   2.5652701e+00   3.5422350e-01  -1.5627119e-01  -1.5011993e-01  -3.9246572e-01   6.4858687e-01   1.3049463e+00  -1.5485383e+00  -1.8299919e+00
   1.0000000e+00  -4.0993362e-01  -3.3716228e-01  -3.6475401e-01  -2.4511361e-01   5.5825201e-01   2.9884325e+00  -1.3539862e-01  -5.2771178e-01   4.9916757e-01  -6.5184894e-01
   2.0000000e+00  -1.7064341e+00   1.9539241e-01  -9.0813957e-01  -3.7178316e-02  -2.2441616e-02   8.5949094e-01   3.3844187e-01  -3.1881203e-01   9.6278608e-01  -3.5656282e-01
   2.0000000e+00  -1.0430834e+00   1.0260047e+00  -6.4089479e-01  -9.0666845e-02   1.4353599e+00   1.2193016e+00  -9.1290421e-01   1.4276197e+00   2.9683005e-01   1.5904810e+00
   2.0000000e+00  -4.9584402e-01   1.1208198e+00  -6.5890429e-01   1.2152899e+00  -8.8056969e-01   5.2499248e-01  -1.0933519e-01   1.9480489e-01  -5.5524605e-01   1.0416354e+00
   2.0000000e+00   1.9235339e+00  -5.6974760e-01  -1.6662786e+00  -2.0724457e+00   8.2974976e-01  -1.6729469e-01  -7.0775893e-01  -8.7015238e-01   1.4012900e-01   1.6590772e-01
   2.0000000e+00  -1.0033088e+00  -4.8164510e-01  -4.6897016e-01   1.2490528e+00  -1.8520584e+00  -2.1116781e+00  -7.7986055e-01   2.2101408e+00   7.7315654e-02  -1.4416405e+00
   2.0000000e+00   2.3662436e-01  -5.5340366e-01   5.0249801e-01  -4.6255631e-01  -9.2539811e-01  -1.6767174e+00   3.7956652e-02   2.4480543e-01  -1.6675670e+00   4.9074056e-01
   2.0000000e+00  -7.9583257e-01  -1.1011320e-01  -5.3761275e-01  -8.0378408e-01  -3.7006409e-01  -2.0117543e+00   5.9274683e-01  -5.2325891e-02   2.0688186e+00   1.7964254e+00
   2.0000000e+00  -1.1885015e+00   1.0602247e+00   5.9327963e-01   2.7130170e+00  -6.9532266e-01  -1.9525858e-01   3.2390487e-02   1.2569934e+00   1.9484874e-01  -1.9219662e+00
   2.0000000e+00  -5.1729838e-01   1.5934038e+00   1.3077053e+00  -2.4382931e+00  -4.7652288e-01   1.7125833e-01  -1.5864220e+00  -3.2202302e-01  -2.6386673e-01   7.5102584e-01
   2.0000000e+00   3.7906874e-01  -4.7827668e-01  -3.2245240e-01   6.5175753e-01   2.4616884e-01  -1.8451598e+00  -5.3252995e-01   4.5926721e-01  -1.3177773e+00  -1.1535305e+00
   2.0000000e+00   3.8694203e-01   1.2364304e+00  -8.7106963e-02   7.7295966e-01   2.3572587e-01   6.6739128e-01  -2.4767604e+00   1.0356106e+00  -6.4365491e-01   4.2980654e-01
   2.0000000e+00   5.8414574e-01   5.7444401e-01  -9.6426343e-01   1.5678573e+00  -7.4572703e-01  -1.0956088e+00   7.3344677e-01   4.8391375e-01  -5.9398882e-03  -4.2060030e-01
   2.0000000e+00  -7.0029636e-01  -4.3485821e-01  -1.6690674e+00   5.5936042e-01   2.5650412e-01  -8.3090953e-01  -6.1341619e-01  -5.5925099e-01   1.3429006e+00  -9.8519951e-01
   2.0000000e+00   1.2626529e+00  -2.9513645e-01   7.6577324e-01  -2.0285570e+00  -1.0082322e+00  -1.2888528e-01   6.0763533e-01   9.2495268e-01   2.3346071e-01  -8.4176016e-02
   2.0000000e+00  -1.4554621e-01  -7.8117817e-01  -4.7678074e-01  -6.7593009e-01   1.7770826e+00  -6.7663518e-01  -1.8853954e+00  -4.5776736e-01  -1.6773998e-01   7.7420823e-02
   1.0000000e+00  -2.9959718e-01   6.6341816e-01  -7.6508732e-01  -1.1990002e+00   3.0944510e-01  -9.2701079e-01   1.2834275e+00  -2.9703382e-01   6.9155861e-01  -1.1796533e+00
   2.0000000e+00  -7.9806030e-03  -6.5806706e-01  -8.2477521e-01  -4.4439332e-01   5.3789962e-01   4.7543460e-01   5.8494637e-01  -9.0225685e-02  -1.2528939e-01   4.9772619e-01
   2.0000000e+00  -7.1207474e-01   4.0355996e-01   1.2399443e+00   1.6624295e-01  -4.3217377e-01   8.4483520e-01   7.7090508e-02  -8.5697130e-01   6.7148583e-01   1.4734825e+00
   2.0000000e+00   9.1839017e-01   2.9447818e+00  -1.2161187e-01  -2.6502147e-01  -1.0782265e+00  -9.2807881e-01  -5.7632907e-02  -5.6390427e-01  -1.1230901e-01  -8.5258709e-02
   2.0000000e+00  -3.3531396e-01  -1.1249686e+00  -2.7266854e-01   3.9546476e-01  -1.2169742e+00  -2.0736493e+00   2.3304469e+00  -9.2632486e-01  -9.3873060e-01  -7.0419970e-01
   2.0000000e+00   3.2788356e-01   8.6299722e-01  -8.7767144e-01  -2.5054772e+00   8.7609675e-01   3.3468070e-01  -9.3583247e-01   9.8911914e-01  -4.3861953e-01  -6.9157873e-01
   2.0000000e+00  -1.6191476e+00   5.1699597e-01   7.9383937e-01   4.1968231e-01  -5.4138955e-01   2.6279954e-01   7.4518440e-01   1.8393276e+00  -7.5349178e-01   2.1659321e-02
   2.0000000e+00  -3.6211410e-01  -2.2784309e-01   1.0039116e+00  -1.0016525e+00   1.5378078e+00  -9.1669714e-01  -9.2581408e-01   5.7543470e-01  -2.0645077e-02  -1.0605804e+00
   2.0000000e+00  -7.0881603e-01   3.7925196e-01   1.4832134e-01   5.5127295e-01  -3.5886424e-01  -8.2124380e-01   5.3459650e-01  -1.4939672e-01  -8.8268627e-02   6.4940358e-01
   2.0000000e+00  -1.1820951e+00  -7.8697809e-01  -2.1489589e+00   1.1867774e+00  -1.1308538e-01  -9.7379458e-01  -8.5677094e-01   1.0612519e-01   1.6266808e-01  -9.1315411e-01
   2.0000000e+00  -2.2429687e+00  -3.6199239e-01  -7.1805854e-01  -9.0630992e-01  -9.5809817e-01   1.3190196e+00  -4.5178652e-01   1.7089033e-01  -2.3299004e+00  -7.2070518e-01
   1.0000000e+00   7.4478731e-02   5.3665396e-02  -7.5931276e-01  -1.0600699e+00  -3.7500464e-01  -1.9437013e+00  -1.0169400e+00  -1.3060821e+00   4.1717413e-01  -3.1925642e-01
   1.0000000e+00  -5.6680487e-01  -5.7677461e-01   9.4104538e-01   7.4867934e-01  -1.7795096e+00  -7.7336484e-01   9.0812131e-01   1.9365172e+00   2.8894290e-01  -5.3916159e-01
   2.0000000e+00   1.5718599e+00   8.8893292e-01  -9.1792964e-01   5.0117362e-01   1.8184543e+00  -5.3792524e-01  -1.1334027e+00  -6.3546971e-01   3.0720053e-01   4.7799471e-01
   2.0000000e+00  -4.7171215e-02  -1.5751625e-01  -4.5402837e-01   2.9927596e+00   3.2218670e-01  -1.3937098e+00  -1.4634261e+00  -1.5739105e+00   2.5444302e+00   5.2207264e-01
   2.0000000e+00  -1.0139513e-01  -7.1985667e-01  -1.8281194e+00   1.5537426e+00  -1.6009800e+00   1.2162390e+00  -8.0198875e-01  -4.9285893e-02   1.6228934e+00  -1.3043942e+00
   2.0000000e+00   1.3353535e+00  -2.5409263e-01  -1.4224436e+00  -1.5017501e-01  -4.6999503e-01   9.9684199e-01   2.2867753e+00   1.1293816e+00   1.6039759e+00  -1.1767628e+00
   2.0000000e+00   1.9976200e+00   9.7161469e-01  -1.4217137e+00   1.0931317e+00   5.3178871e-01  -1.1756356e+00  -6.1283646e-03  -7.9098887e-02  -1.6714131e-01   4.9313897e-01
   2.0000000e+00  -5.3586284e-01   3.7066887e-01  -8.5516972e-01   7.0511460e-01   1.0258336e+00  -1.2271087e+00  -2.3636749e-01   1.2802987e+00  -1.4405363e+00  -6.2631803e-01
   2.0000000e+00  -8.8809153e-01   3.4767840e-02   1.1280806e+00   1.0606432e+00   1.5370647e+00   1.1826769e+00  -1.9150183e+00  -2.7402498e-01  -8.4633889e-01  -3.6333760e-01
   1.0000000e+00  -2.3061105e-01  -9.7531222e-01   2.1417647e+00   2.3245514e+00  -3.9777371e-01   4.6030881e-01  -3.8859846e-01   6.7476806e-01   5.0985874e-01   6.0445463e-01
   2.0000000e+00  -9.1440238e-01  -5.2217249e-01  -8.7410053e-01  -8.6574830e-01   2.2115553e-01   8.0248848e-01  -2.0125113e+00  -1.3902311e+00   8.8254400e-01  -1.2212055e+00
   2.0000000e+00  -3.1640736e+00  -9.5377043e-01   1.1386303e+00  -1.0147672e-01  -1.2660850e+00  -2.2121880e+00   8.0115870e-01  -3.5364741e-01  -1.7546675e+00   1.2220702e+00
   2.0000000e+00   1.6272751e+00   6.4179624e-01  -1.1207056e-01  -3.8416537e-01   5.3630788e-01  -2.4895763e-02   9.7922170e-01   3.9847169e-01   5.4678885e-02  -2.5723854e-01
   2.0000000e+00  -1.2191472e+00  -1.1419725e+00  -8.3805280e-01  -5.7885710e-01   9.3373752e-01  -3.3666618e-01   1.8135859e-01   2.9242713e-02   1.1827130e+00  -1.3908608e-01
   1.0000000e+00  -3.3227943e-01  -1.1684539e+00  -7.2045768e-01   1.9062463e+00  -5.5882951e-02  -8.4564582e-01  -2.7623417e+00   9.2318784e-01   7.1575700e-01   9.5757124e-01
   2.0000000e+00   9.5872724e-01  -1.5249477e-01   2.4892159e+00   2.1824680e-01   1.0983842e+00   9.9049454e-03   2.6557014e-01  -1.4041485e+00   1.0195628e+00   2.1036580e-01
   2.0000000e+00  -1.7140570e+00   7.4388835e-01  -1.3684778e+00  -1.6259677e+00   5.3174256e-01  -1.2920399e+00   1.7670716e+00   6.9424399e-01   7.9524774e-01   3.9847085e-01
   2.0000000e+00  -1.5552751e+00  -2.0369927e-01   1.0383521e+00  -4.7961797e-01  -4.2927366e-01  -8.0165547e-02   9.4402860e-01  -2.3196436e+00  -8.3721449e-01  -1.4084335e+00
   2.0000000e+00  -1.1255972e+00  -8.5163306e-01  -1.6330190e-01  -1.0614713e+00   1.5082518e+00  -3.6810100e-01   4.2419710e-01   1.8130512e+00   2.5975321e-01   8.5420319e-01
   2.0000000e+00  -1.0893078e+00  -8.1568271e-01   1.6217545e+00   1.2397400e+00   5.6027735e-01   1.0664801e+00  -2.6614149e-01   1.5469712e-01  -2.2697300e-01   2.5978066e-01
   2.0000000e+00   1.0977911e+00  -6.7234501e-02  -2.0221748e+00  -6.9236186e-01   9.6790917e-02  -6.5811982e-01  -5.5996202e-01   5.2175718e-01  -2.2438774e-01   5.6266438e-01
   2.0000000e+00  -3.0427772e+00   4.3981814e-01  -6.6419360e-01  -2.2812442e-01  -1.3913987e+00  -1.5008780e+00   8.2761922e-01  -1.3843787e+00  -8.5883431e-01   2.8640300e-01
   2.0000000e+00   3.1536672e-01   7.0477395e-01   2.9781955e-01   7.2821706e-01  -2.3198942e-01   6.0515825e-01   5.6566401e-01   1.7087715e+00  -1.4312273e+00  -7.8917365e-01
   2.0000000e+00  -1.1614545e+00   1.1043962e+00  -1.4805885e+00   3.6315491e-01   3.8079038e-02  -1.4661583e+00   3.4702358e-01   7.8155602e-01   3.8890657e-01  -2.0322446e+00
   2.0000000e+00   1.2340587e+00   1.0292604e+00  -5.4408199e-03  -7.0060913e-01  -1.7621197e+00   6.0598292e-01   1.9436246e+00  -1.0312807e+00  -9.0180245e-01   1.2294434e-01
   2.0000000e+00   4.4855838e-01   5.6500416e-01  -2.0378824e+00  -8.1538703e-01   1.1978492e+00   2.6578536e-01  -3.8269731e-01  -1.4455629e+00  -3.0749842e-01  -8.8672635e-01
   2.0000000e+00  -1.7373091e+00   8.0626442e-01   3.2747824e-01  -4.5400372e-01   1.2826366e+00   4.3338359e-01  -6.7172449e-01   1.3465264e+00   5.5950143e-01   3.8034864e-01
   2.0000000e+00  -8.2536879e-01  -2.3245612e-01  -1.5424460e+00  -6.4524388e-01   2.8352150e-01   1.0314645e+00   1.1234681e+00  -8.0359643e-02  -1.1355043e+00  -2.4869375e-01
   2.0000000e+00  -6.3881892e-01  -9.9794332e-01   2.0369696e+00  -1.3486692e+00  -6.7265694e-01  -1.5976388e-01  -7.6067493e-02   1.0497157e+00   1.5258602e+00  -4.5467600e-02
   2.0000000e+00  -5.5159106e-01   1.4092194e-01  -8.5347658e-01  -3.8421415e-01   1.6471214e+00  -3.7189531e-01   1.9865619e-01   9.6252770e-01  -6.7538412e-01   2.2003565e+00
   2.0000000e+00  -2.1637187e+00  -1.6614823e+00   2.1032932e-01  -5.9369815e-01   5.2431161e-01   3.4445908e-01   9.0162671e-02   1.4962337e+00   3.8212694e-01   1.1007533e+00
   1.0000000e+00  -5.3816014e-01   2.0403888e+00  -1.0884925e-01   7.5205876e-01  -5.2809573e-01   8.7929026e-01   1.9388425e-02  -1.1151969e+00   4.2376851e-01  -1.1971600e+00
   2.0000000e+00   2.7702503e+00   1.5492721e+00   1.1953174e+00  -1.2410215e+00   1.5499704e-01   1.3319774e+00  -2.3485683e-01   1.5409777e-01   2.8555803e-01   5.2222529e-02
   1.0000000e+00  -3.6651814e-01   1.6357342e+00   6.4428839e-02   2.0451448e+00  -1.0665049e+00  -6.1948183e-01   9.4245475e-01   4.4519291e-01   7.8978781e-01   8.3202320e-01
   2.0000000e+00  -1.9690488e+00  -1.5524432e-01  -4.4326541e-01   7.4129735e-01  -5.3183070e-01   1.5468684e+00  -1.4237653e+00  -7.3010198e-01   3.0113917e-02   1.9002160e+00
   2.0000000e+00   1.7823517e+00   2.8000822e+00   1.3377911e+00   1.7341569e+00   1.2338158e+00  -7.0364618e-01   9.3832276e-01  -1.4917342e+00   3.2430890e-01  -1.1077050e+00
   2.0000000e+00  -1.0205165e+00  -1.4578673e-01   2.6691086e-01  -1.5082011e+00   1.2558669e+00   9.0501906e-01   2.4070766e-02   9.5328022e-02  -9.3938564e-01  -5.3948751e-01
   2.0000000e+00   8.7367950e-01   2.5922825e-01  -9.0002913e-01   1.0128437e+00   3.4140119e-01  -4.7665989e-01  -1.6466260e+00   2.7117782e-01   7.6865383e-01   6.4799509e-01
   2.0000000e+00   4.6728355e-01   2.1969390e-01   2.0726510e+00   1.1813409e-01   9.5697979e-01   1.5120602e+00   9.2181606e-02  -7.3201475e-01   1.5527646e+00  -8.0382067e-01
   1.0000000e+00  -6.8551191e-01   1.0931621e+00   8.7452651e-01   1.9247336e-01   1.1885381e-01  -5.2830664e-01  -1.4255020e+00  -4.4416491e-01   2.8450315e-01   9.0436145e-01
   2.0000000e+00   6.2918109e-01  -1.2374573e+00  -1.9034471e+00  -2.5345835e-04  -1.4772472e+00  -3.7818842e-01  -1.3468249e+00  -1.2368417e+00  -1.1663292e+00  -3.0222313e-01
   2.0000000e+00  -1.6723697e+00   5.2962083e-01   1.2698237e+00  -1.2292841e+00  -1.5020672e-02  -1.5919053e+00   4.4278486e-01   6.8983888e-01   3.8037621e-01   2.7381612e-01
   2.0000000e+00  -1.6284711e-01   8.2727416e-01  -1.6452045e-01  -7.2477105e-01  -8.4947290e-01  -6.7799081e-01  -9.6048672e-01   7.9088274e-01  -1.0683322e+00   8.6996099e-02
   2.0000000e+00  -1.3559560e+00   9.0533275e-01  -1.3662104e+00  -1.4219081e+00  -5.1158816e-02   5.4673408e-02   1.2166656e+00   7.9917279e-02   7.8884100e-01   4.3551469e-01
   2.0000000e+00  -1.8326312e+00  -2.0728412e+00  -7.7009814e-01  -4.1642867e-01  -8.6807169e-01   6.4373382e-01   1.3209971e+00  -9.7568752e-01  -6.2624055e-01  -7.0071722e-01
   1.0000000e+00   2.9466668e-01   1.0813159e+00   1.2416711e+00  -1.7921498e-01   7.1399600e-01   6.8791412e-01   7.2447115e-01  -1.2704877e+00   5.6142905e-02  -6.2857721e-01
   2.0000000e+00  -2.1224972e-01   2.2838054e+00  -3.0590665e-01   2.1662306e+00   2.4120877e+00  -1.9771243e+00   8.6476805e-01  -1.8293315e-01   1.1028140e+00   8.6226766e-01
   2.0000000e+00   5.1308439e-01   1.0610902e+00   1.0894399e+00   3.2243892e-02   8.8250417e-01  -7.1850396e-01  -1.1231445e+00  -4.3653720e-01  -2.5761440e-02  -6.5934605e-01
   2.0000000e+00   1.0492489e+00   4.5166005e-01  -1.1467427e+00  -9.1532366e-01   4.3015280e-01   2.6173407e-01   3.2728385e-02   3.9876413e-01   8.3729555e-01  -3.6714433e-01
   2.0000000e+00   1.1201053e+00  -6.6557131e-01   3.3158194e+00  -8.0809202e-02   2.6632072e-01  -7.3386773e-02  -3.2472286e-01   1.9899065e-02  -1.3153289e+00   6.4955455e-01
   2.0000000e+00  -9.5175073e-01  -1.6495435e+00   9.0373890e-01  -6.0711497e-02   6.6181595e-01  -7.9057130e-01  -7.1572517e-02   7.9271787e-01   6.5773263e-01   5.1839325e-01
   2.0000000e+00   1.0586017e+00   1.3758262e+00  -1.2059889e+00  -7.6978746e-01   6.9466109e-01   3.4023107e-01  -1.2444360e+00   6.4437063e-02  -4.4371411e-01  -1.3695149e+00
   2.0000000e+00  -6.5786286e-01  -8.4654964e-01  -1.2280685e+00   2.4333770e+00   1.6104287e+00   2.0142251e+00  -1.1243468e+00  -7.1574598e-01  -6.9755920e-01   2.0040589e+00
   2.0000000e+00  -4.5764657e-01   1.5023606e+00  -4.6239672e-01  -1.7357689e-01  -7.6046142e-01   1.8274765e+00   2.4467759e-01   2.1806563e+00   4.0705169e-01  -2.9399360e-01
   2.0000000e+00  -5.7461870e-02  -5.0920207e-01  -7.8914326e-02  -7.4022245e-01   1.7468482e+00  -7.5739453e-02  -4.9538970e-01  -1.9681019e+00  -9.6825133e-01  -1.6561750e+00
   2.0000000e+00  -1.0814515e+00   3.7668067e-01   1.5599005e+00   1.7783804e-01   1.3502037e-01  -5.0894029e-01   2.2736705e-01  -7.6989529e-01   7.2789621e-01  -3.5833261e-01
   2.0000000e+00  -1.3112186e+00  -3.1744952e-01  -9.9104599e-01   5.5175079e-01   3.5625749e-01  -5.8496778e-01   2.0933485e-01  -5.3874854e-01   8.1280607e-01  -1.0203472e+00
   1.0000000e+00  -1.9360616e-01   1.7036189e+00   1.0142368e-01  -8.0450750e-01  -4.5197376e-01  -6.5408329e-01   1.6144802e+00  -9.1855282e-01   6.3044906e-01  -1.1901425e+00
   2.0000000e+00   2.9916254e+00   4.1046264e-01   9.7926323e-01  -1.7506621e-01  -1.1702027e+00   1.1528606e+00   3.0150434e+00  -1.0142429e+00  -6.9850998e-01  -2.3869535e-01
   2.0000000e+00  -1.5800050e+00   2.4448553e+00   1.1905546e+00   1.0334963e+00  -1.1036033e+00  -9.1939128e-01  -1.3699224e+00   8.3995762e-01  -2.3520044e-01  -4.0558106e-01
   2.0000000e+00   4.1046140e-01  -1.0001586e-01  -7.0490495e-01  -3.9068688e-01  -1.3129072e+00   1.0242002e+00  -2.4073437e-01   8.4345958e-01  -8.3652468e-01  -1.9046764e+00
   1.0000000e+00  -8.3162716e-01  -1.2363946e-01  -8.3416991e-03  -7.4877474e-02   4.2293342e-01  -1.2236449e+00  -1.5824565e+00  -5.9032887e-01   8.1907417e-02   1.2044410e+00
   2.0000000e+00  -3.6526921e-01   8.9739237e-02  -4.5043608e-01  -8.6736883e-01   7.2982792e-01   6.5974823e-01  -4.7671972e-01  -4.4913637e-01   8.5867695e-01   1.8500864e+00
   2.0000000e+00  -6.6376051e-01   5.5637781e-01  -1.5128491e+00  -7.5384840e-01  -2.1234407e+00   1.3381167e+00   1.2735307e-01  -7.3533301e-02   1.7679830e+00   9.6426172e-01
   2.0000000e+00  -4.2511428e-01   1.6806369e+00  -5.2313749e-01   8.1347826e-01  -4.5764458e-02   6.5998252e-02  -6.7781308e-01   6.8582012e-01  -4.6953210e-02  -7.4652318e-01
   1.0000000e+00  -3.9751336e-01  -1.0228180e+00  -1.4043558e-01   1.2139772e+00  -9.8004654e-01  -3.3460487e-01   1.4924460e+00  -5.2674386e-01   7.9534863e-01   6.1419812e-01
   2.0000000e+00   8.5144834e-01  -1.3764846e+00   8.5365887e-01   1.1766935e-01  -3.4921822e-01  -1.4239022e+00   6.8519802e-01  -8.2504850e-01  -2.8728381e+00   8.2018230e-01
   2.0000000e+00   6.8945374e-01   1.6401235e-02   1.8328639e-02  -2.1008602e-01  -1.3290853e-01   1.3328187e+00  -4.1611952e-01   2.0163515e-01  -7.7531105e-01  -9.6944117e-01
   2.0000000e+00   1.9119190e+00  -4.1514786e-01  -1.4685688e+00  -8.0785410e-01  -1.7214181e+00   4.8035719e-01   3.5703474e-01   9.4475295e-01  -5.1199383e-01   9.9459390e-01
   2.0000000e+00  -5.0915842e-01  -1.8444164e-01  -4.4008526e-01   3.9995440e-01   1.2277299e+00  -1.0281907e+00   1.6868620e+00  -1.1634412e+00  -1.8561979e+00   1.2432132e+00
   1.0000000e+00  -1.7593410e-01  -3.3168698e-01   2.1929933e-01   3.7349746e-02  -1.6987439e+00   7.1719160e-01  -8.7355833e-01   1.1238058e+00   5.8938811e-01  -3.3057980e-01
   2.0000000e+00   1.0347627e+00   2.1376808e-01  -1.5474627e+00  -1.3849542e+00   3.2065734e-02   4.0940692e-01  -9.2785210e-01   6.2695411e-01   1.3694701e+00   1.3981256e-01
   2.0000000e+00   3.1526061e-01  -6.8832306e-01  -1.3115447e+00   4.1258829e-01  -1.1168672e+00  -7.8075440e-01  -2.4243767e-01   7.9328047e-01  -1.0800295e-01   5.3037058e-01
   2.0000000e+00  -1.4996403e+00  -2.8425716e-01  -1.4579244e+00  -3.0632900e-01   1.6688929e-01  -8.5245447e-01  -1.7577805e+00  -4.0749731e-01  -7.5842703e-01   5.1430411e-01
   2.0000000e+00  -1.0205207e+00  -3.8003928e-02  -4.3479344e-01   9.4676727e-01  -1.9049900e+00  -1.0376052e+00   4.3946757e-01  -1.2209221e-01   1.7319208e+00  -4.4222845e-01
   1.0000000e+00  -5.1800833e-01   1.1476991e+00   1.3892308e+00   4.8324996e-01  -1.0846367e+00   7.5653724e-02  -4.8317705e-01  -5.6334126e-01   8.5933873e-02  -3.8777957e-02
   2.0000000e+00  -6.6274426e-01  -3.8715412e-01   3.0072607e-01  -3.3798655e-01   4.1594939e-01  -2.6164765e-01   1.3600640e+00   5.2318773e-01  -5.2526806e-01  -7.6815983e-01
   1.0000000e+00   4.2982985e-01   9.2864592e-01   1.5886441e+00  -5.9683552e-01   7.6272613e-01  -9.5546921e-01  -8.9790406e-02   1.3561062e+00   6.3250998e-01   1.4483763e+00
   2.0000000e+00   5.6497469e-01  -3.7114864e-01  -1.1346643e+00  -8.7088122e-01  -3.3507968e-02   1.2896528e+00   1.5538640e-01  -4.7705066e-01  -1.9407486e+00   2.1482737e-01
   2.0000000e+00  -1.0964743e+00   5.2854696e-01   1.4917519e+00   1.1397393e+00   1.0191254e+00  -6.4592987e-01   1.3036113e-01   1.8680680e-01   1.2111203e+00   8.1382022e-01
   2.0000000e+00   1.2935629e+00   8.9074320e-01  -7.5472702e-01   1.5006280e-01   7.1655121e-01  -1.8781046e+00  -1.2866813e+00  -2.0035033e+00   6.0877629e-01  -1.7119420e+00
   1.0000000e+00   6.9741585e-01   6.1041077e-01   8.4071782e-01   3.8729198e-01  -1.1383752e+00   1.2062650e+00   5.5981857e-01   5.5640247e-01   5.2662820e-01  -5.8050270e-01
   2.0000000e+00   7.4726680e-02  -4.4277358e-01   7.4155348e-01  -7.0612344e-02   1.3650287e+00   1.4698865e+00  -6.0463309e-01   2.2402916e-01  -3.9361795e-01  -2.8922493e-01
   2.0000000e+00  -1.8539294e-02   9.9986103e-01   2.6879799e+00  -8.7452533e-02  -8.4192853e-01  -8.7623266e-01   9.5762689e-01   4.9652846e-01  -9.3101045e-01  -4.9494939e-01
   2.0000000e+00   3.8511876e-01   8.5906905e-01  -1.4214415e-01   9.8021263e-01   2.3753574e-01  -1.2072036e+00  -3.4433945e-01   1.8040776e+00   1.4088109e+00  -7.6188392e-01
   2.0000000e+00   2.4079844e+00  -2.4563711e-01   8.7266987e-02  -1.0052596e+00  -4.3437227e-01   1.2006846e+00   2.8332059e+00  -3.6093492e-01  -2.9414260e-01  -7.9365270e-01
   2.0000000e+00   2.3541005e-03  -1.6971932e+00  -7.6529125e-01  -1.5312808e+00   2.7214447e-01   1.0309262e+00  -4.1979176e-01  -2.2858043e+00   9.4143779e-01   1.2180691e+00
   2.0000000e+00   1.9430896e-01   5.7271075e-01   3.1422107e-01   4.6313899e-01   1.8205180e-01   1.5337422e+00  -5.1928090e-01  -1.3340268e+00  -1.6588579e-01   1.0572042e+00
   2.0000000e+00   1.1543654e+00   1.3959127e+00   2.7476998e-01  -3.0302873e-01  -1.8900268e-01  -2.9427994e-01  -1.7781503e-01  -6.6494998e-01  -7.6090622e-01  -1.4321134e+00
   2.0000000e+00   4.4170288e-01   1.9038282e+00   1.3198108e+00   3.3150713e-01   8.3423575e-01   1.7019342e+00  -7.7490548e-01  -5.0897025e-01  -1.4566188e+00   9.7172997e-01
   2.0000000e+00  -9.4645181e-01  -8.3697543e-01  -9.4013303e-01   2.3069867e+00  -1.4523052e-01  -1.9657769e+00  -3.8240981e-01  -1.4054136e+00  -1.0414130e-01   1.5624125e+00
   2.0000000e+00  -6.1621520e-01  -4.9440202e-01  -1.4712587e+00  -8.6968233e-01   1.0108880e-01   2.1216750e+00  -1.5797406e-01   1.1434164e+00  -6.6909218e-01  -4.6385951e-01
   2.0000000e+00   1.2695596e+00   3.5052456e-03  -3.0096012e-01   1.8783520e+00  -9.7786108e-01  -2.5517799e+00  -3.3541710e-01   7.8087817e-01  -4.8940134e-01   1.4637376e-01
   2.0000000e+00   1.3832427e+00  -1.9645629e+00  -8.5443384e-01  -2.3799870e-01  -1.5456281e-01   1.1567406e+00   3.3303610e-01  -3.2318103e-01   1.3025629e+00  -1.5054822e+00
   2.0000000e+00  -2.0859533e+00   1.4287079e-01   6.2165274e-01  -8.8454184e-01   2.4885876e-01  -6.3393943e-01   8.8754336e-01  -1.9163450e+00  -7.0406829e-02  -1.8395377e+00
   2.0000000e+00   1.4996341e+00   1.5209884e+00  -5.4163199e-01   3.5120198e-01   4.6346701e-01  -1.0077376e+00  -2.7153784e-01   1.6472113e+00   4.1952195e-01   1.0703307e+00
   2.0000000e+00   9.4856412e-01   3.8735401e-01  -9.1593392e-02  -6.9368028e-01  -1.1039537e+00   1.4204647e+00   1.9967520e+00  -5.1868527e-01   6.4996269e-01  -7.1186436e-01
   1.0000000e+00   2.1682006e-01  -1.2828474e-01  -2.5704719e+00   6.6636192e-01   1.2660958e+00  -4.0570458e-01  -7.2880021e-01  -1.1264059e+00   5.4966318e-01  -1.6098256e-01
   2.0000000e+00  -9.3311980e-01  -2.6021994e-01   6.2250258e-01  -1.6033909e-01   1.2935595e+00   1.7972819e+00   6.1513597e-01  -1.7068619e+00   1.2583595e+00   4.4983655e-01
   1.0000000e+00   4.6777924e-01   8.7715823e-01  -1.0103628e+00  -1.0712715e+00   3.2527813e-01  -1.1487923e+00  -1.0160312e+00   5.0974614e-01   3.8467285e-01  -5.4283355e-01
   2.0000000e+00   6.9199708e-01   8.8843784e-01  -4.4183938e-01  -2.2136443e+00   7.7250914e-01  -1.5734828e+00  -2.6055516e-01   2.1108881e-01  -8.1919463e-02  -2.4471028e-02
   2.0000000e+00   1.5182510e+00   2.8599609e-01   2.9339235e-01   2.3967440e-01  -1.4094295e+00  -9.5456737e-01   4.9053702e-01  -4.1602693e-02  -7.9296186e-01   3.3315733e-01
   1.0000000e+00   5.6908773e-02  -1.7251053e+00  -7.7292553e-03  -2.7929927e-01   1.3346159e+00  -1.0828037e-01   2.4576397e-01  -3.5863159e-01   5.8179409e-01  -7.9108790e-01
   2.0000000e+00  -3.6427417e-01   1.6723658e+00   2.0629915e-01  -4.2684022e-02   5.0291216e-01  -1.6407736e+00   5.9920338e-01  -7.2397799e-02  -3.9486067e-01  -1.1553834e+00
   2.0000000e+00   7.9440770e-01   3.9342148e-01  -1.2200612e+00  -1.9993043e+00   8.9519338e-02  -9.7417803e-01  -1.7535706e+00   8.2967270e-01  -1.0266208e+00   9.4489860e-02
   2.0000000e+00  -8.6064582e-01  -1.1043499e-01  -1.3356625e+00  -1.8588155e-01  -1.6424569e-01   1.1916965e+00  -1.1888581e+00   2.1929454e-01   3.4840047e-01   1.1736216e+00
   2.0000000e+00  -2.8742556e-02  -4.3740211e-01   3.1224556e-01  -7.2223546e-01   3.9462448e-01  -1.4536947e+00  -1.5578858e+00  -1.1796139e+00  -1.9559799e+00  -1.1979902e+00
   2.0000000e+00  -1.7786615e+00   1.6211791e+00  -1.6798257e+00  -2.8414504e+00  -3.4212621e-01   8.7575097e-01   1.2104170e+00   1.2908417e-01   1.3471112e+00  -8.6886068e-02
   2.0000000e+00   1.3488472e+00   1.1486655e-01   1.5201971e+00   1.1138061e+00   7.6566666e-01   5.1658618e-02  -1.3689538e-01  -9.4206182e-01   2.2436150e+00   8.2146638e-01
   2.0000000e+00  -1.7517299e-01   5.0752415e-01   1.0510876e+00   7.1985609e-01  -6.3302779e-01   2.1586250e+00  -4.2895904e-01  -1.1529876e+00  -5.9479627e-02  -1.8186719e+00
   2.0000000e+00   1.5804064e+00  -6.8898064e-01   9.8048278e-01  -2.5189013e-02  -1.2639503e-03  -5.5124398e-02   8.1791476e-01   2.3176510e+00   3.5319806e-01   1.1290743e-02
   2.0000000e+00   3.8499073e-01   1.2889377e+00  -1.0390227e+00  -3.4834260e-01   1.9346547e-01   5.5112697e-01  -8.5138543e-01  -7.3119750e-01  -8.2591496e-01   1.0831277e+00
   1.0000000e+00   1.8282897e-01  -1.3075090e+00   4.5964643e-01  -3.6656593e-01  -6.0394020e-01   2.7961423e+00  -3.7308734e-01  -3.5675055e-02   2.4712905e-01   1.5126588e+00
   2.0000000e+00   5.6742063e-01  -1.0547999e+00   1.0200921e+00  -1.4033317e+00  -1.3610636e+00   6.8461579e-01   1.6096741e+00  -2.2326078e+00   2.4845039e+00  -2.0819250e+00
   2.0000000e+00  -5.0968927e-01   3.4787403e-01  -1.2557075e+00   4.8932924e-01   9.8114517e-02  -6.0384480e-01  -1.1032178e-01  -2.4980047e+00   1.1732860e+00  -2.7598498e-01
   2.0000000e+00   1.3169599e+00  -3.6774551e-01  -1.4091368e-01   6.2589850e-01   2.3499032e+00  -7.8316567e-01  -1.6524678e-02  -7.0604026e-01   4.3505098e-02   1.6372191e+00
   2.0000000e+00   2.7514777e-01  -2.2533611e+00   7.8575660e-02   1.7733693e+00   1.4394928e+00  -1.0547578e+00  -1.9497976e+00   5.2746054e-01  -4.1311819e-01  -5.2666100e-01
   2.0000000e+00   2.4818509e+00  -7.3057460e-01  -7.7682114e-01  -9.2470396e-02   9.6871562e-01   9.4831333e-01   1.2853341e+00  -1.5035430e+00  -8.9796928e-01  -4.1191790e-01
   1.0000000e+00   3.3189475e-01   1.7008413e-01   1.9292723e+00   1.4114015e+00   9.3825609e-01  -1.7898369e+00  -2.1334175e+00   6.0398076e-01   2.5224018e-01   4.7873670e-01
   2.0000000e+00  -7.5737829e-01   5.2712299e-01  -3.8606366e-01  -1.1369112e+00   3.9232412e-01  -6.1284569e-01  -1.8356673e-02   1.4466187e+00  -1.0182809e+00   1.1864203e-01
   2.0000000e+00   1.1294033e+00  -1.4635612e+00  -1.8870192e+00  -3.6610391e-02   4.0055252e-01   6.1969332e-01   7.7001226e-01   9.4886169e-01   3.8365102e-01   4.5198459e-01
   2.0000000e+00   3.7171028e-01  -8.1631162e-01  -5.6280711e-01   5.2732646e-01  -4.4549167e-01  -1.8163107e+00  -1.1732742e+00  -4.8389047e-01  -9.5750014e-01   6.2966228e-01
   2.0000000e+00  -1.4538434e+00  -2.6228780e-01   9.4724757e-01  -1.5084879e+00  -1.4473300e+00  -1.5380243e+00  -1.0124635e-01  -3.2728401e-01  -1.4069361e+00  -1.1072090e+00
   2.0000000e+00   8.1867700e-01   9.6607096e-01   4.4608535e-02  -1.1375252e-02   4.8150760e-01   1.4726610e+00  -7.5034856e-01   5.1283985e-01  -1.9046727e+00  -1.9578579e-01
   2.0000000e+00   5.5513735e-01   1.7233802e+00  -2.5102171e-01   1.4541737e+00   9.6881992e-01   2.1495615e+00   3.8769310e-01  -3.4782519e-02  -1.1554855e+00   7.3982208e-02
   2.0000000e+00   1.0501452e+00   1.0346850e+00  -8.9615028e-01  -9.1669964e-02   2.3603446e-01  -7.4417642e-01  -9.8124469e-01  -1.3796737e+00  -2.1314311e+00   1.6961614e+00
   2.0000000e+00   8.4054020e-02  -3.8159532e-01   8.1137699e-02  -6.1089860e-01  -9.0472410e-02  -1.2288169e+00   3.2177705e-01  -2.6339080e-01  -2.7678756e-02  -1.2509442e+00
   1.0000000e+00  -2.1155896e-01   8.8525178e-01   3.1572953e-01   6.0164589e-01  -2.3832391e-01   1.0759820e+00  -6.6130075e-01  -4.1223330e-01   6.9225163e-01   5.7324306e-01
   2.0000000e+00   6.1996787e-01   6.4032498e-01  -1.6079342e+00   6.2723031e-01   8.0677115e-01   3.3891506e-02  -2.1091858e+00   2.3175751e-01  -5.8267886e-01  -1.4416338e+00
   2.0000000e+00   1.0302743e+00  -9.8641346e-01   6.0653340e-01  -2.0162333e+00   8.0683988e-01  -7.7913866e-01  -2.0432328e+00  -5.3822637e-01  -8.7351679e-01   1.8600398e-01
   2.0000000e+00   3.6807397e-01   8.4242622e-01  -3.7322810e-01   1.0755780e+00   1.6660713e-01   1.3416839e+00   1.0638268e+00   1.3197378e+00  -9.4287505e-02   1.6395116e+00
   2.0000000e+00   1.9780728e+00   5.7100707e-01   3.7006077e-01  -1.3883483e-01   3.0821189e-01   6.2827967e-01  -1.4103848e+00   2.0904131e-02  -4.2841193e-01  -1.0128698e+00
   2.0000000e+00  -8.1175367e-01   2.2038274e+00  -1.3506786e-01  -4.0848742e-02  -2.6817529e-03  -8.0466444e-01   5.4831845e-01   3.3853791e-01  -1.8319068e+00   6.4734043e-01
   2.0000000e+00  -5.1752214e-01   2.0472640e-01   4.4624324e-01  -1.8332478e-01   5.0180588e-01   1.4217250e+00  -9.5907173e-01  -1.8872734e+00  -5.8522860e-01  -1.6153353e-01
   2.0000000e+00  -1.5085253e-01   2.7072907e-01  -2.0925536e-01  -9.5045001e-01  -9.6935809e-01  -5.5792364e-01   1.4462971e+00  -1.5426346e+00  -2.0530113e+00   1.3614137e+00
   2.0000000e+00   7.1408048e-01  -1.1111400e+00  -7.0809814e-02   1.9790896e+00  -4.2801606e-01   1.2245995e+00  -2.0476836e-01  -6.5012778e-01  -1.6862998e+00  -5.5582626e-01
   2.0000000e+00   3.4454953e-02   9.3286840e-01  -9.8523619e-02   1.0423257e+00   2.4106870e-01  -2.6862220e-01  -1.3765132e-01  -9.5717665e-02  -4.0797184e-01   1.2113206e+00
   2.0000000e+00  -2.0184814e-01   5.6707824e-02  -6.8917960e-01   1.1242921e+00  -7.0181968e-02   1.4502786e-01  -4.9604472e-01  -4.0266032e-01  -1.6669636e+00  -1.4074444e+00
   2.0000000e+00  -1.0165290e+00   4.1103498e-01   8.0471795e-01  -2.8875297e-01   7.7772885e-01   9.0767210e-01  -1.3379159e+00   1.2683951e-01   5.7744057e-01   1.2715661e-01
   2.0000000e+00  -1.4032553e+00   1.0568725e-01  -5.1085174e-01   1.1127855e+00  -7.8410131e-01   7.1852145e-01   5.9044252e-01   2.6662440e-01  -2.0883117e+00   1.7242999e+00
   2.0000000e+00   1.2380297e+00  -5.1899132e-01  -1.6721659e-01   1.5710496e+00   3.1783734e-01   5.5988257e-01   2.1231620e-01   1.4095108e-01   1.1703217e+00   4.5542332e-01
   2.0000000e+00  -3.7175201e-01  -8.4567111e-02  -5.3970224e-01   1.2987811e+00  -1.3535845e+00   1.2196403e+00  -1.3933278e+00   5.8941401e-01  -1.2660602e+00  -2.3475288e+00
   2.0000000e+00   1.9562268e-01   1.7109613e-02   2.4694080e-01   2.2532194e+00  -1.3866510e+00  -2.1616455e+00   7.3507227e-01   2.9285476e-02  -9.3153541e-01   1.2774570e+00
   2.0000000e+00  -2.6664008e+00   7.6716275e-01   7.5707378e-03   1.4942450e-01   6.4264797e-01   5.3691601e-01  -9.1154043e-01  -9.1627078e-01  -1.9995054e-01  -9.2382247e-01
   2.0000000e+00  -4.3772514e-01  -1.2735259e+00  -6.0178319e-01   1.7492156e-01  -6.4239007e-01   3.7443611e-01  -1.1456775e+00  -1.1767923e+00  -8.6306195e-01  -5.0026885e-01
   2.0000000e+00   1.2739037e+00   3.5445529e-01  -4.9374560e-01   1.1462692e+00   3.5861759e-01  -7.4987003e-02   4.8098496e-01  -1.1958503e+00   1.1602495e+00   1.3487093e+00
   2.0000000e+00  -2.7251911e-01  -1.4244370e+00   8.4123374e-01   3.3897519e-01   2.0373920e-01   3.0405105e-01  -3.7343948e-01  -7.1021595e-01  -5.2146232e-01   4.2444806e-01
   2.0000000e+00  -6.1283579e-02   1.8805933e+00   5.0764817e-01   1.7229498e-02   1.0399628e+00  -2.7686550e-01  -2.2904212e-01   6.3768399e-01  -4.1247144e-03  -1.6358372e+00
   2.0000000e+00  -5.7105630e-01  -6.1431013e-01   9.8010526e-01   6.2308661e-01  -5.1258526e-01  -1.9685008e-01   1.0999032e-01  -1.5934413e+00  -1.6590753e-01  -1.0542116e+00
   2.0000000e+00  -4.1666406e-01  -2.5186955e-01  -1.1983336e+00   3.9353677e-01  -7.6046946e-01  -3.4519309e-01  -7.4742351e-01  -5.8593274e-01  -2.8059926e+00  -6.2002145e-02
   2.0000000e+00   9.4181836e-01  -4.7852721e-01   8.6016506e-01  -2.2653389e+00   1.0271202e+00  -3.7273420e-01  -1.1124325e-01  -1.1313152e-01  -5.8333363e-01  -6.4887289e-01
   2.0000000e+00  -3.2519595e-01   4.1204142e-01   1.1322910e+00  -8.0063097e-01  -4.4360167e-01  -8.8837489e-02  -4.7817756e-01   5.1123455e-01  -1.1852205e+00   1.3471285e+00
   1.0000000e+00  -6.6256722e-01   9.3477538e-01   4.6095215e-01  -5.3443926e-01   1.5212003e+00  -2.2004844e+00  -1.2774012e+00  -1.4460182e+00   4.5468871e-01  -1.0882535e+00
   2.0000000e+00   6.1838211e-01   3.4244907e-01   1.5158832e-01  -6.9261182e-01   4.6447952e-01   1.3534619e+00  -6.1188445e-01  -3.2901465e+00  -2.4615666e-01   9.2005056e-01
   2.0000000e+00  -3.0097504e-01  -2.4080331e-01  -1.7542927e+00  -4.4165817e-02  -1.0911083e-01   3.2987325e-01   8.4486166e-01   2.3435966e-01   1.5158949e+00   1.3519304e-01
   2.0000000e+00  -7.0272772e-01   6.4760982e-01   8.4373397e-02  -1.6588342e+00  -1.7203589e-03  -9.7054606e-01   9.3916163e-01   2.7041395e-01  -6.7340885e-01  -6.7780139e-01
   2.0000000e+00  -2.5775272e-01   3.2001926e-01   4.7732986e-01   6.3816042e-01   7.6533656e-01   4.4671754e-01   1.6193150e+00   5.0603545e-01  -1.1108181e+00   1.2016674e-01
   2.0000000e+00   1.0188940e+00   6.2147129e-01   2.9502041e-01   3.7457020e-01   3.0797752e-01   1.0985235e+00   2.2420339e-01  -2.9072280e+00  -1.1247203e+00   1.8610564e-01
   2.0000000e+00   1.7720380e+00  -1.6096692e+00   9.6221071e-01   7.9026589e-01   1.0966100e+00   1.8320819e+00  -1.3062792e+00   1.1033524e+00   1.7670750e+00   8.1408912e-01
   2.0000000e+00  -2.5123420e-01   9.0014677e-01   1.0448179e-01  -3.4233998e-01   5.8910751e-01  -8.7914830e-01  -4.1683648e-01   3.0325370e-01  -2.5162744e-01  -1.6161106e-01
   1.0000000e+00  -5.5315905e-01  -4.1489495e-01  -1.1598914e+00   7.3654269e-01  -2.1312195e+00   3.7497841e-01   2.2795502e-01   8.9407096e-01   6.9887638e-01   1.7108430e+00
   2.0000000e+00   3.4191479e-02   7.4602186e-01  -6.7667487e-01   5.7986368e-01  -7.0936878e-01  -1.1745212e+00   7.8338143e-01  -6.3497409e-01  -2.1372168e+00  -8.0207257e-01
   2.0000000e+00  -4.7851912e-01   1.1700049e+00   6.6400080e-01  -1.0606609e+00  -4.4635171e-01  -1.1049673e+00  -6.5050245e-01  -5.1993419e-01   1.2743654e+00   9.6453657e-01
   2.0000000e+00  -1.1811904e+00  -2.1185418e+00   9.5114091e-01  -6.5175755e-01   1.4505381e+00   1.9932437e+00   4.1613819e-01  -1.0329658e-01   1.6642227e+00   5.3303385e-01
   2.0000000e+00  -2.0144159e+00   9.0086628e-01  -8.0769459e-01   1.1786752e+00  -5.3321797e-01  -1.7823735e-01   1.3706147e+00  -4.4249348e-02   1.0315129e+00   2.2724256e+00
   2.0000000e+00  -1.8832673e+00   5.6002759e-01   5.3154718e-01  -1.2411543e+00   1.4562454e+00   1.0054438e+00  -1.8723701e+00   2.1752607e+00   5.6355310e-02   4.7208861e-01
   1.0000000e+00  -1.2851717e-01  -3.2651358e-01  -2.0317331e-01  -6.4638041e-01  -5.1681591e-01  -9.1355685e-01  -1.1789569e+00  -1.2093276e+00   2.7587528e-01  -3.2893698e-01
   2.0000000e+00   9.5203958e-01   7.3846504e-01  -1.2387119e+00  -4.7464910e-01   6.1261081e-01   1.3202287e+00   5.9165018e-01   4.9516334e-01   3.2975484e-01   1.2905530e+00
   2.0000000e+00   6.5755170e-01   2.1079155e-01  -3.0987160e-01  -5.3130706e-01  -4.7176942e-02  -2.2014741e-01  -3.4737395e-01   5.1111347e-01  -1.7951695e+00  -3.2387347e-01
   2.0000000e+00   5.1034954e-01  -1.1422972e+00   5.9586510e-01  -7.1360943e-01   7.2450832e-02  -4.9550505e-01   2.5531243e-02   1.2895528e+00  -1.3067633e+00   4.6038622e-01
   2.0000000e+00   7.9672736e-01   8.5578419e-01   1.5643653e+00  -9.0187283e-01   3.9410707e-02   9.5604418e-01   1.2768414e+00  -6.4388557e-01  -1.5980585e+00   4.7322715e-01
   1.0000000e+00   2.9578120e-01   4.7239442e-01   1.1403643e+00   4.3196774e-01  -8.6318312e-01   2.1880327e+00  -1.6836430e-01   7.7669882e-01   7.0954734e-01  -8.4798448e-01
   2.0000000e+00   1.2797430e+00   2.1198651e-01  -1.6929036e+00  -5.2420129e-01   3.1502791e-01  -1.0187091e+00  -8.9260781e-01  -4.9734711e-01   1.7018260e+00   2.6038834e-01
   2.0000000e+00   1.2598122e+00   1.0418849e+00  -9.1969039e-01  -1.2476532e-01   5.2960602e-01  -5.9246817e-01   6.2011104e-02   5.4363860e-01  -8.8083607e-01  -6.0914580e-01
   2.0000000e+00   9.9172025e-01  -3.6302126e-01   8.3685528e-01   4.0613095e-01   1.9580437e-01  -6.6711262e-01  -9.3298187e-01  -4.9374505e-01   1.5493489e+00   6.5239922e-01
   2.0000000e+00   5.8775902e-01  -1.1643873e+00  -6.0947946e-01  -8.7711854e-01  -7.6730099e-01  -1.6295608e-01  -1.2964321e+00  -3.4511183e-01  -6.1196096e-02   2.6663694e-01
   1.0000000e+00  -5.3544884e-01  -8.1707426e-02   1.6568335e-01   3.7837014e-01  -1.5699369e-01   1.9285470e+00   9.3770605e-01  -1.7384787e+00   3.8564962e-01   1.2417663e+00
   2.0000000e+00   1.8070157e+00  -2.6025176e-02   1.8490713e+00   2.6932268e-02   1.1775320e+00  -7.7042738e-01   3.4719351e-01  -1.0119199e+00   3.7122766e-01   7.6237089e-01
   1.0000000e+00   2.6848614e-01   2.3499829e+00  -2.7834940e-01  -6.0806211e-01   4.9828519e-01  -4.2333934e-01  -1.1705063e+00   9.4761683e-01   2.4441370e-01  -1.1139267e+00
   1.0000000e+00  -3.0119365e-01  -8.8232064e-01  -1.3073799e+00   1.7678657e-01  -2.1558866e-01   3.3757822e-01  -4.5925781e-01   1.2464225e+00   7.5202154e-01   4.8235778e-01
   2.0000000e+00   1.6931353e+00  -2.1296650e+00  -8.5866114e-01   4.1264445e-01   5.0354202e-01  -2.0417814e+00   7.8090235e-01  -1.0356873e+00   9.5468627e-01  -5.2549460e-01
   2.0000000e+00   2.9672878e+00   7.9418800e-01  -5.3062206e-01   1.7289480e+00  -1.5631632e-01  -3.2582339e-01   3.5277356e-01  -2.1130533e+00  -4.6595753e-01   8.8995660e-01
   2.0000000e+00   5.7038648e-01  -3.8783683e-01  -4.5355962e-01  -1.6171912e+00  -6.1584716e-01   1.0613624e+00   6.6456546e-01  -1.4060646e+00  -1.8248669e+00   4.5744246e-01
   1.0000000e+00  -1.6112260e-01   1.5316492e-01  -3.5319686e-01  -1.1542778e-01  -4.9156571e-01   9.3847101e-01  -1.2717931e+00   1.9297864e+00   1.7193222e-01  -4.9878815e-01
   2.0000000e+00   5.0341149e-01  -1.9263229e+00  -1.6262220e+00  -4.1769560e-01  -1.2179201e-01  -7.7751593e-01  -6.4103389e-01  -1.5964637e+00  -9.6269772e-01  -3.4086724e-01
   1.0000000e+00  -1.8698146e-01   4.3319667e-01   1.3180748e+00  -1.2026728e+00   2.6855780e-01  -2.9313586e-01  -1.4340552e+00  -1.3842916e+00   7.1745208e-01  -1.0193952e+00
   2.0000000e+00   9.0975609e-01  -5.7673519e-01  -1.5929242e+00   1.2765819e-01  -1.3267616e+00   1.6164514e+00  -1.1296841e+00   1.0156450e+00  -4.7631830e-01   9.3129649e-01
   2.0000000e+00  -1.3070648e-01  -4.4990192e-01  -8.8551315e-01   8.5534667e-01   1.6600955e-01  -1.0137233e+00   1.0477674e+00  -1.9784898e+00  -1.0821786e+00  -4.0425777e-02
   2.0000000e+00  -5.5135694e-01   6.0380932e-02   9.6650978e-01   9.5596765e-01  -1.6111384e+00  -1.0540931e-01   4.5766069e-01   4.3694510e-01   1.0376653e+00  -6.7288694e-01
   2.0000000e+00   9.5312857e-01  -4.7679934e-01  -7.1440522e-01   6.3119863e-01  -8.9445441e-02  -3.8595901e-01   1.4332846e+00   8.3240788e-02  -9.1684011e-01   6.8811234e-01
   2.0000000e+00  -7.3555151e-01  -1.2019196e-01   6.5247153e-01  -7.2604901e-01   9.0498649e-02  -1.0838765e+00  -1.0948850e+00   2.0775838e+00   1.6564152e-01   4.1872829e-02
   2.0000000e+00  -6.5978645e-01  -1.0421628e+00   1.6051347e-01   3.0684782e-01   2.9601288e-01  -5.7249271e-01  -8.3121927e-01   2.6880481e+00  -1.6392430e+00   9.9698863e-01
   2.0000000e+00   5.0007555e-01   1.8849205e-02  -4.2076519e-01   1.3657685e+00   1.0835888e+00  -4.8079020e-01  -6.8185054e-01   4.4900263e-01  -2.5610397e+00  -1.1285346e+00
   1.0000000e+00   8.4764447e-01  -8.9623875e-01  -4.1460182e-01   1.0613249e+00   2.8878338e-01  -4.9554929e-01   6.6926468e-01   3.8513941e-01   2.5155451e-01  -1.7693528e+00
   2.0000000e+00  -8.5437338e-01   1.3506274e+00  -8.8040675e-01   9.9398466e-01  -1.4830025e+00  -8.5098123e-01  -7.4074108e-01   4.1499817e-01   7.3033865e-01  -2.2445487e-01
   2.0000000e+00  -1.2418985e+00  -1.6364861e+00  -1.2531709e+00  -1.0001388e+00  -6.4362364e-01   7.7197382e-02  -1.1944863e+00   4.5622565e-01   7.2764323e-01   1.1961796e+00
   2.0000000e+00  -1.3082085e-02  -2.7592372e-02  -1.2644752e+00   6.9362048e-01   1.3566566e-01  -1.6277513e+00   1.0822586e+00   1.0665008e+00  -1.2159783e+00  -7.3953047e-01
   2.0000000e+00  -1.2836956e+00  -7.5813704e-01  -6.2432460e-01   1.7900758e+00  -7.4218199e-01  -1.7178050e-01  -8.1762758e-01  -5.0622918e-02  -1.7993666e-01  -8.3717081e-01
   2.0000000e+00   2.3937804e-02   2.2841293e+00   3.2782033e-01   5.7158645e-01   8.7250180e-01  -8.5264107e-01   2.4378502e-01   1.6434793e+00  -2.7265662e+00  -5.3805534e-01
   2.0000000e+00  -4.8863487e-01   4.2844144e-01  -4.0916241e-01   6.9975048e-01   7.4940868e-01   8.9260913e-01  -9.6258967e-01   9.7041629e-01  -2.9982674e-01   2.3569348e-01
   2.0000000e+00   5.6517900e-01   1.8400149e+00  -7.7053513e-01   8.7884122e-01  -2.8371444e+00  -1.7460607e+00  -1.1012155e-01  -5.6659748e-01   1.6389266e+00  -1.3061074e+00
   2.0000000e+00   8.7335216e-01  -3.3781729e-02  -7.3888094e-02   1.1122651e+00   7.8235383e-01  -4.7734438e-01   1.0298875e+00  -9.5354115e-01  -8.1584485e-02  -7.2524524e-01
   2.0000000e+00   5.4237226e-01  -6.7039925e-01  -1.3000904e-01   1.9525274e+00  -1.0241235e+00   1.5776929e+00   9.4023093e-01   5.4014528e-01   9.7236755e-01   6.4986544e-01
   2.0000000e+00   1.0330034e-01   7.8436045e-01  -4.1080282e-01   9.3472155e-01  -7.8424398e-01  -1.0577351e+00  -8.0599847e-01  -1.3910603e+00  -4.1849955e-01   1.4026414e+00
   2.0000000e+00   1.5948725e+00  -7.3407514e-02  -1.4734265e+00   2.5586269e-01   8.7387688e-01  -1.0310221e-02  -1.1110468e+00  -3.6712465e-01   7.8511023e-01  -1.2534147e-01
   2.0000000e+00  -2.4767338e-01  -4.5456377e-01   4.3650473e-01   5.1555561e-01   8.7946400e-01   1.4145012e+00  -3.0772011e-01  -7.9321673e-01   1.0565335e+00  -9.7124018e-01
   2.0000000e+00   1.1303287e+00  -1.2911469e+00   1.0305365e+00  -4.8923717e-02  -6.4406406e-02   1.3459141e+00  -2.0235607e-01   1.0829315e+00   1.7444204e+00   1.4069476e+00
   2.0000000e+00  -1.6719647e-03  -1.1250947e+00  -5.2867855e-02  -6.0168016e-01  -6.6793051e-01   5.6095699e-01  -1.3704646e-01   9.7153040e-01   9.2380997e-01   7.5014608e-01
   2.0000000e+00  -2.3748669e-01  -2.3428978e+00   9.8686406e-01  -1.0586821e+00  -2.7349022e-02  -8.7248383e-01  -4.2540275e-01  -5.4356752e-01  -1.5701079e-02  -7.0094389e-01
   1.0000000e+00   4.7567405e-01   1.7978296e+00   4.9679890e-01  -1.9563735e+00   1.4718534e+00   3.9771009e-01   2.3822511e-01  -1.6762215e+00   1.8256252e-01   2.0099111e-01
   2.0000000e+00  -2.3204733e-01   2.5123400e-01   1.9434994e+00  -6.4601475e-01   2.2418788e-01   1.5797736e+00  -2.4418791e-03   6.6110112e-01  -3.0306134e-01  -3.4293043e-01
   1.0000000e+00  -7.4671693e-01  -1.3515778e+00  -3.4497040e-01   8.7405884e-01  -2.9571854e-01  -8.8969749e-01   7.0213491e-01   6.2907293e-01   1.5767581e-01   7.8373013e-01
   2.0000000e+00  -2.4186399e+00  -9.2036509e-01   2.2143962e-02  -7.6741067e-01   9.7281774e-01  -1.3792730e+00   3.6411211e-01   1.8384851e+00  -1.0709373e-01   8.2351125e-02
   2.0000000e+00  -5.2820738e-01   6.8727602e-01  -6.3342287e-01   2.0424994e+00  -1.0772633e+00   6.1335265e-01   1.0655319e-01  -1.1189127e+00   1.6878615e+00   1.4259911e+00
   2.0000000e+00  -1.7883480e+00  -1.3721062e+00   5.6077156e-01   1.7043865e+00   1.6411077e-01  -5.6100540e-01  -5.3534200e-01  -1.2231499e+00  -3.8445146e-01   2.0680912e-01
   2.0000000e+00   1.9740399e-01  -1.7622739e+00   1.6293677e+00   1.0497200e-01   1.0343346e+00  -1.8580592e+00  -6.0356827e-01  -5.0738389e-01  -1.6491477e-01  -7.5181993e-01
   2.0000000e+00   5.0863493e-01  -7.9477600e-01   7.3971996e-01  -1.5595583e+00   1.4466193e+00  -1.4229986e+00   1.7043365e+00   2.0685558e+00  -1.6086630e+00  -8.9748723e-02
   2.0000000e+00  -1.0821320e+00   3.4629040e-01   1.4412651e+00   4.3019714e-01   1.5972335e+00  -7.0039726e-01   7.7174984e-01   2.4544256e+00   2.7930097e-01   1.8573208e-01
   2.0000000e+00  -6.7649006e-01  -6.0035311e-01  -6.1773742e-01  -1.3630359e+00  -1.1583874e+00   1.0737097e+00   9.9418694e-01  -5.2128092e-01  -2.0942620e+00  -6.1773899e-01
   2.0000000e+00  -3.4331448e-01   2.5878796e-01   4.1389078e-01  -2.6413516e-01  -1.2549846e+00  -2.3998784e-01  -4.4574704e-01  -1.2745162e-01   1.6687609e+00  -1.8668028e-01
   1.0000000e+00  -6.1147136e-01  -1.4948510e+00  -3.9828365e-01   1.0734339e+00   3.6900032e-01  -9.0372897e-02   2.0902961e-01  -2.1857276e-02   4.4317639e-01   8.3908840e-01
   2.0000000e+00  -6.5792695e-01  -1.4662684e+00  -7.6636117e-01   1.1600137e+00   8.5799442e-01   1.1115781e-01  -6.8160230e-02  -1.6945163e+00  -1.2934282e+00  -2.4622530e-01
   2.0000000e+00   1.1996309e+00  -1.3099692e-01   1.0681166e+00   4.1767882e-01   2.0166999e+00   1.7764935e-01  -1.5074266e+00  -1.8221802e+00  -6.2078360e-01   3.9542315e-01
   2.0000000e+00  -8.6565042e-01   8.3030001e-01   1.9205219e-01  -7.9230218e-01   6.0409698e-01  -3.2077135e-01  -1.3661680e+00  -5.3148752e-01  -8.7523846e-02   1.3775601e-01
   2.0000000e+00  -7.1554388e-01   6.0450858e-01  -1.2266662e+00   6.2927338e-01   1.7605339e-02  -2.3101390e+00  -3.7954294e-01   6.9583380e-01   5.9268480e-01  -1.4615232e+00
   2.0000000e+00  -4.7874297e-02   1.4626874e+00  -2.8922998e+00  -5.2264486e-01  -5.9479680e-01   3.0894192e-01  -3.3189392e-01  -2.0588965e-01  -2.9413265e+00   3.8610264e-01
   2.0000000e+00  -3.9900093e-01   3.9441582e-01   7.2315775e-01   1.7699887e+00   1.3844248e+00   3.4310544e-01  -1.1612765e+00  -3.2245129e-01   2.4652761e+00   5.3153151e-01
   2.0000000e+00  -2.9507886e-01   2.5419072e-01   5.4139631e-02  -6.3253907e-01  -2.3731383e+00   3.1455747e-01   1.1528775e+00  -1.2072660e+00  -8.7444246e-03  -5.7392042e-01
   2.0000000e+00  -9.2075421e-01   1.7544210e+00   2.5122479e-01  -1.3386338e-01   1.6247708e+00   1.8900027e+00  -1.8083923e-01   1.3839865e-01  -1.0849948e+00   1.5296560e+00
   2.0000000e+00  -9.6042223e-01  -2.7500419e-02   1.6038562e+00  -1.4376844e+00  -8.4098381e-01  -1.4715157e-02   4.2078071e-01   1.1619470e+00   8.4222097e-01   1.9836247e+00
   2.0000000e+00   1.0807890e+00   2.2206304e-01   2.2062456e-01   1.0821252e+00  -7.9188494e-01   2.1316453e+00  -1.5912733e+00   7.8484579e-01  -7.2617714e-01  -7.3415560e-01
   2.0000000e+00  -2.2986821e-01  -3.2035564e-01   9.7381892e-01  -1.3418878e+00   9.1449844e-01  -1.5026770e+00  -1.9550459e-01   8.8295393e-02   1.1646442e+00  -6.4384919e-01
   2.0000000e+00   1.0287952e-01  -2.3262651e-01   3.9337480e-01  -7.3404953e-02   3.5596618e-01   1.6323192e-01  -1.5535324e+00   1.2215834e+00  -4.2609399e-01  -1.2976109e+00
   2.0000000e+00  -6.4365517e-01  -1.4179841e+00   1.3726298e+00   1.6629553e+00   4.5804055e-01  -1.2175806e+00  -1.8567940e+00   2.0280619e-01  -2.0004721e-01   1.7306624e+00
   1.0000000e+00   4.5832638e-01   1.2864583e-02   1.2778703e+00  -2.5132395e-01  -1.1216523e+00   1.2905473e+00  -4.5422800e-02  -5.6708858e-02   2.9625306e-02   2.9066506e-01
   2.0000000e+00   2.8888452e-01   3.4038488e-02  -8.0998203e-01  -1.1112441e-02  -1.3559939e-01  -6.7550261e-01  -2.2601066e-01  -9.6207756e-01  -4.5689901e-01  -1.8897828e-01
   2.0000000e+00  -9.4653819e-01   1.0321162e+00  -2.4221675e-01  -1.0350819e+00  -1.2179411e+00  -2.6277743e+00   2.8779478e+00  -9.9967728e-01   2.3804586e-02  -1.1021835e+00
   2.0000000e+00  -5.2504109e-01   2.6299009e-02   8.3124066e-01  -2.9259936e+00   2.8194757e-01  -5.1794297e-01   9.0445422e-02  -2.3670118e+00   2.6116485e-01   6.2107668e-01
   2.0000000e+00   1.1536313e+00  -9.4598884e-01  -1.0435783e-01  -4.4593408e-01  -4.4840588e-01  -1.3244233e+00  -7.2218330e-01  -4.0248489e-01   1.2412359e+00   5.8224972e-01
   2.0000000e+00  -2.8786260e-01  -4.3509807e-01  -1.0899541e-01  -4.5689984e-01   1.8535583e+00  -1.1140673e+00  -4.3634181e-01  -4.4284316e-01  -8.1750149e-01   6.0877223e-01
   2.0000000e+00  -8.0351252e-02   7.6358707e-03  -1.5436458e+00  -2.5568992e-01  -3.4064159e-01   3.1219061e-01   6.1226005e-01  -9.1334637e-01  -8.5625883e-01   5.8268904e-01
   2.0000000e+00   1.1178840e+00   1.5113876e+00   5.9645816e-01  -8.2204606e-01   1.5462090e+00   1.5287508e+00  -4.7542960e-01   2.0806109e+00  -9.7802094e-01  -4.1033079e-01
   2.0000000e+00  -6.6526131e-01  -7.4677265e-01   1.1560063e+00  -5.3883503e-01   2.9535851e-01   5.0784174e-01  -3.4742822e-01  -5.2935423e-01  -9.1958113e-01   1.1474473e+00
   1.0000000e+00  -5.8166197e-01  -2.7373652e+00   2.4651136e+00  -1.2572714e+00  -9.3949276e-01   7.6684188e-01  -3.3643723e-01  -6.1239745e-01   2.3860498e-01  -1.1008727e-01
   2.0000000e+00  -9.0451358e-01   7.3310128e-01   2.6476308e+00   1.8279244e-01   1.6342349e+00  -8.7060393e-01  -6.3999069e-01   1.5183786e+00   2.6892850e-01  -5.4175327e-01
   2.0000000e+00  -9.3571986e-01  -1.9864864e+00   8.8212609e-02  -3.2904388e-01  -7.5236398e-01   3.8392658e-01  -2.8556009e-01  -6.4486184e-01  -3.0949703e-02  -5.2529216e-01
   2.0000000e+00  -1.4340457e+00   8.7229450e-01  -1.1464619e+00   4.8404427e-01   1.6250319e-01  -1.1434212e+00   7.1685329e-01   9.1351897e-01  -1.6485145e-02  -1.6849231e+00
   2.0000000e+00  -7.3463144e-01   8.5914315e-01  -3.9319767e-01   1.1736669e+00   1.2455541e+00  -1.0338126e-01   7.0615632e-01  -1.5092063e+00  -7.9149912e-01  -6.5189268e-01
   2.0000000e+00   7.6324589e-01  -1.4479282e+00  -2.2443507e-01   1.6063518e-01   5.5409173e-01  -5.4776209e-01  -1.3347192e+00   1.4129514e+00  -2.4234570e-01   5.2453310e-01
   2.0000000e+00  -1.5502277e+00  -8.4643295e-02  -2.0057921e-01  -9.2282635e-01   9.9324948e-02  -2.3639434e-01  -5.4212334e-01   2.0570365e-01  -1.2948113e-01  -8.4431629e-03
   2.0000000e+00  -6.6183809e-01   1.2118102e+00   4.7848662e-01  -2.5142412e-01   1.4438777e+00   2.9828973e-02  -1.0724838e+00   5.0135943e-01  -6.8542675e-01  -4.1288382e-02
   2.0000000e+00   2.7533029e-01   1.8553167e+00   8.4804371e-01  -3.6128727e-02  -7.5890281e-01  -7.6292675e-01   4.6031502e-01  -3.7623445e-01   1.7045437e+00   2.4508162e-01
   2.0000000e+00   6.7614096e-01   1.6777971e+00   1.9148404e+00   3.3699822e-01  -3.5353838e-01  -6.4861470e-01   5.6260756e-01   5.6061258e-01   1.2612322e+00   1.5183135e+00
   2.0000000e+00   2.9211527e-01   1.6815990e+00   6.7107387e-01   2.0348785e-01   3.4997741e-01  -1.6688715e+00  -6.8832231e-01   6.7441607e-01  -1.2277182e+00   5.7066756e-01
   2.0000000e+00  -1.0011873e+00   6.0094895e-01   5.8303560e-02  -1.0397598e+00  -9.9832583e-01  -1.0812443e+00   2.8234494e+00   1.2927989e+00  -2.8263716e-01   2.7096072e+00
   2.0000000e+00  -4.6181325e-03   1.4742753e+00  -8.9523513e-03   1.7262495e+00   2.2043664e-01  -1.1038684e+00  -3.4767666e-01  -6.8025082e-01  -7.1105450e-01  -3.6064273e-01
   2.0000000e+00   8.1527567e-01  -1.2353916e+00   2.6273125e-01  -1.8576925e+00   7.2384100e-01   5.6493550e-02  -3.0392039e-01   5.9695953e-01   3.9159138e-01   6.8816556e-01
   2.0000000e+00  -8.5887277e-01   7.6183875e-01   8.5279031e-02   1.4401939e-01   1.0130889e+00  -8.4291599e-01  -8.5635117e-01   5.4786826e-01  -3.5803119e-02   3.3890373e-01
   2.0000000e+00  -1.4764035e-01  -6.2103112e-01  -9.5580083e-01   4.0923314e-01   1.6589186e+00   6.7396564e-02   1.6713602e-01  -7.3133820e-01  -1.3267046e+00   5.5159962e-01
   1.0000000e+00   1.5222536e-02  -4.5455468e-01  -1.6285656e+00  -9.6239723e-01  -9.5572300e-01  -5.5346721e-01   9.5921018e-01   4.9121818e-01   4.6763815e-01  -9.5982191e-02
   2.0000000e+00   7.3975199e-01   9.4326013e-02  -2.5896179e-01  -9.9767145e-01   6.0134643e-01   3.0690128e-01   5.3761776e-01   2.1443042e+00   8.9200604e-01  -1.1594521e+00
   2.0000000e+00  -1.0546405e+00  -4.8918261e-01   1.2226480e-01  -1.2269126e+00   2.8551673e-01  -1.0687083e+00  -1.1351332e+00  -1.1685321e+00  -3.3650764e-01  -6.8378911e-01
   1.0000000e+00  -5.8739104e-01  -9.3260190e-01  -6.5920538e-01   2.5646258e-01   1.9608250e-01  -5.6645614e-01  -4.2399033e-01  -1.0018998e+00   2.3178650e-01   1.5294107e+00
   2.0000000e+00   1.4868126e+00   3.3634187e-01  -2.2189366e+00  -5.6891705e-01   1.6941455e-01  -1.4104082e+00  -1.1480429e+00  -9.7755441e-01   3.9078130e-01  -1.6625102e+00
   2.0000000e+00   1.0348143e+00  -7.1209526e-01   9.7913090e-01   1.0792388e+00   1.5042669e+00   3.1681698e-02   6.0062122e-01   7.6334971e-01   8.6280596e-01   1.5326312e+00
   2.0000000e+00  -8.7660949e-01   8.6270348e-02   3.3572627e-01   2.7504123e-01  -1.0336414e+00  -1.1684547e+00   9.8388225e-01  -8.9250001e-01  -1.6332112e+00  -3.3661200e-01
   1.0000000e+00   1.4792864e-01   6.1947090e-01   1.4266986e+00  -4.4505378e-01  -6.2429352e-02   1.1767702e+00   1.5557561e+00  -1.7221726e+00   3.4921197e-01   1.5346518e+00
   1.0000000e+00   2.4870816e-02   8.1681952e-01   2.3965250e-01  -7.6043949e-01   1.2524058e-01   4.3504617e-01   1.6525629e+00  -1.0213321e+00   4.6299950e-01   6.6728331e-01
   2.0000000e+00  -2.3229009e+00  -9.0661307e-01  -1.3140015e+00  -1.4429236e+00  -1.1854442e+00  -1.3107080e+00  -2.8177428e-02  -6.6497592e-01   1.1767289e-02  -2.2648647e-01
   2.0000000e+00   2.3742099e+00   4.7443185e-01   5.4776100e-02   3.7913527e-01   2.1609967e+00  -7.9345618e-02   5.9906852e-01   8.9827412e-01   4.0393695e-01  -1.5103253e-01
   2.0000000e+00   1.4821878e+00   1.8291735e+00  -3.6206609e-02   5.5713473e-01  -1.2073199e+00   1.0982616e-01  -1.1551788e+00   6.3079682e-01  -1.7833284e+00  -2.1583452e-01
   2.0000000e+00   1.9391866e+00   1.3063180e+00   2.4107159e-01  -5.8178421e-01   1.9092249e+00  -1.1207019e-01  -3.3692152e-01   2.1414384e-01  -2.3463048e+00  -2.0406777e-02
   2.0000000e+00  -3.7317283e-01   1.1869596e+00  -2.2223994e-01   9.1199769e-01  -1.5298921e+00  -8.9302724e-01   2.5075680e+00  -3.3231196e-01  -7.1513239e-01   1.5833232e-01
   1.0000000e+00   4.5292786e-01  -2.4771694e-01   8.8730767e-01   1.1732566e+00   1.9305522e+00   9.9144972e-01   2.8708347e-01   1.1893386e+00   6.0154834e-01   7.6860109e-01
   2.0000000e+00  -1.8947137e+00  -2.0211507e+00   9.8701862e-02   4.6067106e-01  -1.1090066e+00  -1.2622066e+00   2.5817221e-01   5.1022490e-01  -8.5358779e-01   1.0821905e+00
   2.0000000e+00  -2.0595861e-01   7.0785127e-01   3.0133181e-01  -1.5087038e+00  -3.0207491e-02  -2.3845748e-01   1.5030215e-01   7.8519593e-01  -1.0678593e+00   1.2521773e+00
   2.0000000e+00   1.2936117e+00  -1.1802121e+00   1.1321398e+00  -1.6043080e+00   1.3610016e-01  -1.1810413e-01  -2.2637096e-01   4.5000723e-01  -1.0116526e-01   1.2915169e+00
   2.0000000e+00  -5.8967884e-01   1.2865868e+00   6.6335448e-01   5.4271528e-01  -9.8941036e-01  -7.9957939e-01   1.8978402e+00  -1.4654302e-01   2.6453845e+00  -2.0914383e-01
   2.0000000e+00   1.6047088e+00  -7.2406547e-01  -1.8225028e+00   5.0787880e-01  -6.7135283e-02   3.9023330e-01   2.7212960e+00  -2.4269036e-01   4.8881768e-01   2.5800844e-01
   2.0000000e+00  -1.2869404e+00   3.7525728e-01   1.4433698e+00   2.5929091e-01  -6.7319488e-01   5.4288816e-01   1.0080164e+00  -1.9354795e+00  -7.7742611e-01  -8.8673727e-01
   2.0000000e+00   4.2043669e-01   1.5590668e+00   2.6314778e-01  -1.7657419e+00  -1.3526068e+00  -1.3894095e-01   5.8455328e-01   9.1062933e-01  -1.2356233e+00   1.6890642e+00
   2.0000000e+00  -5.9599893e-01   5.2144294e-01   5.5053178e-01   3.2668306e-01  -1.0258688e+00   1.1454961e+00   2.6344794e-01  -9.0490852e-01  -1.2277398e-01   1.2896237e+00
   1.0000000e+00  -5.1046217e-01  -3.0377620e-01   1.1595665e+00  -1.0733700e+00   3.3390914e-01  -9.5096041e-01   5.8341639e-01  -2.5319193e-01   4.7320444e-01  -1.4185626e+00
   2.0000000e+00  -1.4812342e+00  -9.0376285e-01  -8.2578990e-01   1.4439174e+00   6.0964750e-01  -7.1245456e-01   1.3408494e+00  -1.2148964e+00   1.6386080e-02   1.4456835e+00
   2.0000000e+00   4.0774473e-01  -9.6671748e-01   4.6608689e-01  -1.9966218e-01  -1.1271540e+00  -6.8739745e-01  -3.6038355e-01   5.8516503e-01   1.3898082e+00   5.7768169e-01
   2.0000000e+00   8.6982132e-01   1.4141553e+00  -1.1560284e+00  -1.5391627e+00   1.6217081e+00  -9.1463358e-01   1.2619479e+00  -4.0114434e-01  -1.1000579e+00   9.4049819e-01
   1.0000000e+00   7.0216242e-01  -8.7789503e-01  -5.9832551e-01   2.3857069e+00  -1.5160840e+00   1.9561851e+00  -2.2154933e-01  -6.3840313e-01   1.5180188e-01  -2.6937965e-01
   2.0000000e+00  -1.5620467e-01   1.1266893e+00   8.5568308e-01  -1.9754410e-01   1.6887773e+00   7.6443041e-01   7.0180663e-01   5.6587039e-01  -7.1216553e-02   4.8787472e-02
   2.0000000e+00   9.5435617e-01  -5.0344853e-01  -2.7518522e-03   1.1761783e-02   1.0405607e+00   1.8204414e-01  -1.8140196e+00   1.3366721e-02  -7.4399498e-01  -4.6981185e-01
   2.0000000e+00   1.3586017e+00  -6.8270385e-01   5.1320471e-01   3.6433737e-01  -6.3317127e-01  -8.7143985e-01   2.3296523e-02   1.6351198e-01  -2.3209352e+00   2.4473262e-01
   1.0000000e+00  -5.5139475e-01  -1.4429094e+00  -6.8117997e-01   2.6151252e-01  -7.7784079e-01  -5.9833700e-01   3.5360712e-01  -1.7631781e+00   7.0340788e-01  -8.6578388e-01
   1.0000000e+00  -2.3204356e-02   1.7540413e-01   8.8701970e-01   9.9002560e-01   1.1378847e+00   1.3580547e+00  -1.1927325e+00  -7.1812515e-01   4.3695833e-01   1.0902669e+00
   2.0000000e+00   1.7560144e+00   4.3775891e-01  -1.0191575e+00  -6.0703158e-01  -5.0635106e-01  -4.3882594e-01  -1.5299171e+00   1.8466636e+00   7.8017932e-01  -1.0913194e+00
   1.0000000e+00  -9.1494463e-02  -2.6328800e+00   4.5917173e-01  -9.0772299e-01   2.6728746e-01   9.8013860e-01   6.3278286e-01   3.1462145e-02   6.2773652e-01   1.8286918e+00
   1.0000000e+00   5.8473818e-01  -3.9485734e-02   1.4545386e-01  -8.7625594e-01  -4.6186236e-02  -3.3667667e-02   5.0518496e-01   1.3699742e+00   2.2503040e-01  -1.2067261e+00
   2.0000000e+00  -2.4445041e-04   1.4757357e+00   3.1512440e-02   2.8352028e-01  -5.5316066e-01  -1.4412323e+00   1.8933037e+00   2.0464640e-01  -1.1656753e+00  -6.2761248e-01
   1.0000000e+00  -8.8599907e-01   9.7539546e-01   2.2378745e-01   5.1964762e-01   1.4735937e+00   5.2910179e-02  -1.5571959e-01  -1.1176920e+00   1.0877498e-01   9.7236732e-02
   2.0000000e+00   1.2102986e+00   1.5794965e+00  -1.5743115e-01   8.6100453e-01  -3.5235593e-01   7.0967738e-01  -4.6093152e-01   2.1401351e-01  -2.2676284e-01  -1.2510054e+00
   2.0000000e+00  -1.2944092e+00  -1.7294177e-01  -2.3620882e-01   8.2783081e-01   1.0196778e+00  -1.4607433e+00   7.7962380e-01   1.4310609e-01   2.1005250e+00  -3.4501957e+00
   2.0000000e+00  -2.7653596e-01   8.7992743e-01  -6.5828975e-01  -4.6072542e-02   4.6320139e-01   8.0830179e-01   2.6815755e-01  -6.8927822e-01   1.5249692e+00   1.4610452e-01
   2.0000000e+00  -2.5905847e-01  -7.8905573e-01   1.0032589e+00  -1.3340871e-01   1.8441858e+00  -1.0321484e+00  -2.7947719e-01   1.9884681e-01  -5.4282066e-01  -5.0189284e-01
   2.0000000e+00  -1.4432852e+00  -3.7299509e-01  -8.2773826e-01  -8.7683256e-01  -3.0156180e-01   1.2823306e+00   1.0599584e-01  -1.1456828e+00   8.9029190e-01   7.2759574e-01
   2.0000000e+00  -2.3238124e+00   1.6572428e-02  -2.7829271e-01   8.6171807e-03   5.0730287e-02   2.2919330e-01   8.4042449e-01   5.2628319e-01  -1.4520267e+00   1.1793941e-01
   1.0000000e+00  -2.0011839e-02  -7.4466590e-01   7.6552297e-01   2.5417120e-01  -1.4723824e+00  -8.7258164e-01   2.0292216e+00  -9.2752231e-01   4.1233315e-01  -9.1501291e-01
   2.0000000e+00  -6.3871205e-01   1.7230953e+00   4.6368490e-01   7.3785819e-01   5.6900143e-01  -2.7924881e+00   9.8538939e-01  -1.5244306e+00  -2.1618244e-01   2.0238907e+00
   2.0000000e+00   1.1070498e+00   1.3677111e+00  -2.3268979e-01   8.4352505e-02  -7.3080972e-01  -2.5370555e-01  -2.1937651e+00   2.7183052e-01   7.3926894e-01   3.8322451e-01
   2.0000000e+00   2.0731095e+00  -7.9802601e-02  -8.3652549e-01  -8.1030569e-01   5.4551685e-01  -2.1319046e+00  -4.9281978e-01   4.1785197e-01  -1.2947328e+00   2.7465858e-01
   2.0000000e+00  -1.3577757e+00  -6.8975697e-01  -6.0892493e-01  -1.2231527e+00   8.4362913e-02   7.0435435e-01  -3.5644360e-01  -1.8261888e+00  -1.1056002e+00   2.2902990e+00
   2.0000000e+00   9.3896660e-01  -1.1783518e-01  -2.5935482e+00  -1.4387040e+00   6.4398359e-01   1.6162081e+00   5.4286793e-01  -1.4541801e+00   3.0797905e-01   1.2624000e+00
   2.0000000e+00   7.4055706e-02   8.8507991e-01   2.1656570e+00   8.9104794e-01   1.7035768e+00   1.8608227e-01  -2.0605540e+00   9.6558119e-01  -3.7844106e-01   1.5682256e+00
   2.0000000e+00  -2.4631922e-01   1.5188533e+00   1.0887161e+00   7.3430488e-01   2.6195993e-01  -1.8895808e+00  -1.9633677e+00   6.4919860e-01  -1.8837141e+00   6.9922650e-01
   2.0000000e+00  -1.5620808e+00   2.5328135e-01  -7.9051178e-01  -5.0098692e-02  -1.7179422e+00   7.9809447e-01  -7.5632344e-01   1.4101324e-01   1.3277989e+00   3.2894951e-02
   2.0000000e+00  -3.7664321e-01   4.4195763e-02   2.7308231e-01  -5.0921137e-01   6.9882281e-01  -1.2569162e+00   1.2100351e+00   6.3337370e-01  -3.4302981e-01  -4.7906799e-01
   2.0000000e+00   1.5370959e+00   1.6307938e+00   3.5674522e-02  -8.5565585e-01   7.1240996e-01   4.1144204e-01  -2.9912647e-01   1.3448966e+00   1.1888681e+00   2.6351888e+00
   2.0000000e+00   7.4531693e-02  -2.3825817e-01  -8.4369951e-01  -1.0681578e-01  -5.4241486e-01  -1.0916741e-01   1.6071191e+00  -2.3344482e-01  -7.1160101e-01  -2.5389070e+00
   2.0000000e+00   2.2248292e+00  -1.9654039e+00   7.5381143e-01  -9.8428614e-01  -1.1952823e+00   2.2203129e-01   2.6464047e-01   2.1503847e+00   5.7048908e-01  -1.4844234e-01
   2.0000000e+00   5.8693994e-02  -1.0535418e+00   8.1134446e-01  -1.9835766e-01  -7.8349906e-01  -8.4656297e-03   1.1995127e+00  -1.3038835e+00  -1.4811730e+00  -2.3750596e+00
   2.0000000e+00   7.4999339e-01  -4.0303220e-01  -6.4952438e-01   2.3273120e-01  -2.6032686e-01  -2.3101485e-01  -7.6503193e-01   1.6570753e+00  -9.4883509e-01  -3.4988750e-01
   2.0000000e+00   6.3401116e-01  -8.0307784e-01   1.4090137e+00   9.6625279e-01   6.2693938e-01  -7.0440934e-02  -1.5744198e-01  -9.8111618e-01  -1.2742370e+00  -1.6000770e+00
   2.0000000e+00   9.5251022e-01  -9.5512680e-01  -1.4907581e+00   2.4774279e-01  -1.9374209e-01   5.8810384e-01  -4.7434648e-01   1.1810651e+00   1.4356433e-02  -2.9980753e-01
   2.0000000e+00  -1.1377186e-01  -9.1551232e-02  -2.0925850e+00   1.2106793e+00   9.2176012e-01   2.9341610e-01  -1.9759376e+00  -1.8227220e+00  -2.4760536e-01  -2.5047847e-01
   2.0000000e+00  -1.5322339e+00   1.8247147e-01   8.3046305e-01  -9.9716441e-01   7.0255778e-01  -4.8918726e-01  -1.4973920e+00   8.7643762e-01  -4.8091413e-01   6.4511682e-01
   2.0000000e+00   4.9895561e-01  -1.8851739e+00   1.2437980e+00   9.5089915e-01   3.3226909e-01   4.8725442e-02  -5.0199451e-01  -1.5420732e-01  -8.3619900e-01   1.8617738e-01
   2.0000000e+00   1.0421214e+00   5.1484774e-01  -1.1601327e+00   3.7380940e-01  -7.5193667e-01  -7.1934004e-01  -8.0318009e-01   5.4661917e-01  -6.2665191e-02   6.1009512e-01
   2.0000000e+00   3.6293096e-01  -4.5813482e-01  -2.8126280e-01   9.9686089e-01  -6.1549563e-01  -8.7561091e-01  -8.2529220e-01   3.5633934e-01  -3.5447267e-01   3.3231836e-01
   2.0000000e+00  -4.3904580e-01   1.3910065e+00   8.0484705e-01  -1.6878133e-01  -6.1957084e-01  -8.5751805e-01  -1.0571687e+00   9.2380965e-01   1.5576142e+00   4.5675224e-01
   2.0000000e+00  -1.0539528e+00   5.5820861e-01  -1.2466228e+00  -1.1068143e+00   3.0087123e-02   1.0187583e+00   2.2765165e+00  -8.8193833e-01  -3.6874175e-01   1.4928701e+00
   2.0000000e+00   6.8186497e-02  -2.6242992e-01  -7.4358054e-01  -9.2439219e-01  -9.3976480e-02   1.3342992e+00   2.3381586e-01   8.4664590e-01  -9.5025532e-01   1.8718794e+00
   2.0000000e+00   1.0558949e+00  -1.5514645e+00  -1.0124222e+00   7.5974139e-01   8.4870920e-01   9.9390465e-01   1.3365403e+00   1.0211323e+00  -7.5709739e-01  -1.8080325e-01
   2.0000000e+00   1.0154747e+00  -6.0281013e-01   6.9456009e-01   1.1251475e+00   6.3506445e-02   2.5001321e+00   7.1194541e-01  -7.3072752e-01  -8.6553573e-02   3.3273767e-01
   2.0000000e+00   4.6439757e-01   1.7476761e+00   1.8138177e-01  -5.3406037e-01   1.5698184e+00   4.4800420e-01   6.8142917e-01   9.9673699e-01  -1.5927380e+00   1.6644658e-01
   2.0000000e+00  -1.0246818e+00   5.7445429e-01   2.5052555e-01  -3.0187513e-02   1.1865292e+00   2.6376631e+00  -7.5164242e-01  -7.6213652e-01  -1.2173460e+00   1.0626679e+00
   2.0000000e+00   9.0086236e-01   1.5373835e+00  -8.6457339e-01  -6.3645562e-02   5.7596809e-01   1.1428661e+00   2.7922031e-01   3.1627974e-01  -1.2395781e-02   4.5492831e-01
   2.0000000e+00   3.0360452e+00   7.3040763e-01  -4.4163817e-01  -1.1056484e-01  -2.5590676e+00   1.3421629e+00   3.9252072e-01  -9.1220882e-01  -9.1494849e-01   1.4514422e+00
   2.0000000e+00  -1.1086154e+00   5.0154570e-01   8.1972286e-01  -1.6067293e+00   5.1213717e-01   4.9834527e-01   6.2878748e-01  -1.3794921e-01  -9.1173932e-01  -3.2255980e-01
   2.0000000e+00  -4.1036988e-01   9.9513253e-02  -1.4426906e-01   2.2371519e-02  -1.8726848e-01  -3.1984019e-01   4.8983543e-01   4.4859419e-02   9.6787040e-01   2.8173210e-01
   2.0000000e+00   8.6160928e-01  -2.4118262e-01   9.5717220e-02   6.1247180e-01  -5.8383903e-01   4.3457911e-01   1.1431347e+00   3.2884086e-01   1.8266119e+00  -1.7380058e+00
   2.0000000e+00   1.7289741e+00  -4.1806965e-01  -1.6293918e+00   1.5191074e-01   5.9980257e-01   6.3594852e-01  -7.7358560e-02   1.6671209e+00  -1.5950140e-01   2.6169724e-01
   2.0000000e+00  -1.6502062e-02  -6.5432492e-04  -1.1353215e+00  -2.9804653e-01  -6.5559908e-01  -1.3084488e+00   8.8827113e-01   1.1878129e-01  -5.0866211e-01  -4.7399445e-01
   2.0000000e+00   7.0070111e-01   7.1268893e-01   2.1036867e+00  -1.2686056e+00   9.1710406e-01  -8.8465012e-02   1.2627992e+00   3.5000010e-01   1.2535448e+00   5.5083147e-01
   1.0000000e+00  -1.2221908e-01   2.2671588e+00   7.9174580e-01   2.3845855e-01  -1.2249706e+00   1.9254365e-01   1.7831554e+00  -5.0668629e-01   5.6521211e-01   5.6515574e-01
   2.0000000e+00  -1.3474512e+00  -3.0564406e-01   1.4099769e-01  -9.2496364e-01   4.7370883e-01   1.5981097e-03  -2.2248551e-01  -1.4218388e+00   1.6628965e+00  -2.3514808e-01
   2.0000000e+00   1.2624850e+00   1.7970490e-01   1.2523903e-01   6.9025775e-01  -2.0191720e+00   9.6896910e-01  -1.4433106e+00  -2.6528690e+00  -4.7301150e-01  -9.4019859e-01
   2.0000000e+00   2.2152756e-01  -1.0512725e-02  -5.0428417e-02   8.6485857e-02   2.0148691e+00  -8.8648124e-01  -1.3277891e-01   1.3542075e+00  -5.5587908e-01  -2.1620825e+00
